% Column 0: Length, mm
% Column 1: |B|, Tesla
0.00000000e+000	5.81415071e-001	
2.12096271e-001	5.81158356e-001	
4.24192541e-001	5.80956925e-001	
6.36288812e-001	5.80810840e-001	
8.48385083e-001	5.80720140e-001	
1.06048135e+000	5.80684852e-001	
1.27257762e+000	5.80704986e-001	
1.48467390e+000	5.80780537e-001	
1.69677017e+000	5.80911483e-001	
1.90886644e+000	5.81097786e-001	
2.12096271e+000	5.81339393e-001	
2.33305898e+000	5.81636235e-001	
2.54515525e+000	5.81988228e-001	
2.75725152e+000	5.82395271e-001	
2.96934779e+000	5.82740672e-001	
3.18144406e+000	5.82270493e-001	
3.39354033e+000	5.81856099e-001	
3.60563660e+000	5.81497610e-001	
3.81773287e+000	5.81195130e-001	
4.02982914e+000	5.80948745e-001	
4.24192541e+000	5.80758528e-001	
4.45402169e+000	5.80624533e-001	
4.66611796e+000	5.80546799e-001	
4.87821423e+000	5.80525349e-001	
5.09031050e+000	5.80560190e-001	
5.30240677e+000	5.80651310e-001	
5.51450304e+000	5.80798685e-001	
5.72659931e+000	5.81002270e-001	
5.93869558e+000	5.81127965e-001	
6.15079185e+000	5.80875097e-001	
6.36288812e+000	5.80676747e-001	
6.57498439e+000	5.80532970e-001	
6.78708066e+000	5.80443807e-001	
6.99917693e+000	5.80409283e-001	
7.21127320e+000	5.80429408e-001	
7.42336948e+000	5.80504176e-001	
7.63546575e+000	5.80633567e-001	
7.84756202e+000	5.80817543e-001	
8.05965829e+000	5.81056053e-001	
8.27175456e+000	5.81349030e-001	
8.48385083e+000	5.81696391e-001	
8.69594710e+000	5.82098039e-001	
8.90804337e+000	5.82204881e-001	
9.12013964e+000	5.81731024e-001	
9.33223591e+000	5.81313701e-001	
9.54433218e+000	5.80953033e-001	
9.75642845e+000	5.80649126e-001	
9.96852472e+000	5.80402069e-001	
1.01806210e+001	5.80211935e-001	
1.03927173e+001	5.80078779e-001	
1.06048135e+001	5.80002642e-001	
1.08169098e+001	5.79983545e-001	
1.10290061e+001	5.80021494e-001	
1.12411023e+001	5.80116478e-001	
1.14531986e+001	5.80268469e-001	
1.16652949e+001	5.80477422e-001	
1.18773912e+001	5.80461189e-001	
1.20894874e+001	5.80184204e-001	
1.23015837e+001	5.79960961e-001	
1.25136800e+001	5.79791522e-001	
1.27257762e+001	5.79675933e-001	
1.29378725e+001	5.79614228e-001	
1.31499688e+001	5.79606423e-001	
1.33620651e+001	5.79652521e-001	
1.35741613e+001	5.79752508e-001	
1.37862576e+001	5.79906358e-001	
1.39983539e+001	5.80114026e-001	
1.42104501e+001	5.80375455e-001	
1.44225464e+001	5.80690573e-001	
1.46346427e+001	5.81059293e-001	
1.48467390e+001	5.80880048e-001	
1.50588352e+001	5.80311576e-001	
1.52709315e+001	5.79764927e-001	
1.54830278e+001	5.79240163e-001	
1.56951240e+001	5.78737344e-001	
1.59072203e+001	5.78256526e-001	
1.61193166e+001	5.77797765e-001	
1.63314128e+001	5.77361114e-001	
1.65435091e+001	5.76946621e-001	
1.67556054e+001	5.76554336e-001	
1.69677017e+001	5.76184304e-001	
1.71797979e+001	5.75836567e-001	
1.73918942e+001	5.75511167e-001	
1.76039905e+001	5.75208140e-001	
1.78160867e+001	5.74771631e-001	
1.80281830e+001	5.74407139e-001	
1.82402793e+001	5.74198545e-001	
1.84523756e+001	5.74146018e-001	
1.86644718e+001	5.74249602e-001	
1.88765681e+001	5.74509212e-001	
1.90886644e+001	5.74924636e-001	
1.93007606e+001	5.75495538e-001	
1.95128569e+001	5.76221455e-001	
1.97249532e+001	5.77101803e-001	
1.99370494e+001	5.78135875e-001	
2.01491457e+001	5.79322849e-001	
2.03612420e+001	5.80661786e-001	
2.05733383e+001	5.82151639e-001	
2.07854345e+001	5.81013339e-001	
2.09975308e+001	5.79448657e-001	
2.12096271e+001	5.78043145e-001	
2.14217233e+001	5.76797968e-001	
2.16338196e+001	5.75714166e-001	
2.18459159e+001	5.74792650e-001	
2.20580122e+001	5.74034204e-001	
2.22701084e+001	5.73439474e-001	
2.24822047e+001	5.73008970e-001	
2.26943010e+001	5.72743062e-001	
2.29063972e+001	5.72641979e-001	
2.31184935e+001	5.72705809e-001	
2.33305898e+001	5.72934497e-001	
2.35426861e+001	5.73327844e-001	
2.37547823e+001	5.73630645e-001	
2.39668786e+001	5.73943109e-001	
2.41789749e+001	5.74276204e-001	
2.43910711e+001	5.74629892e-001	
2.46031674e+001	5.75004136e-001	
2.48152637e+001	5.75398897e-001	
2.50273599e+001	5.75814131e-001	
2.52394562e+001	5.76249795e-001	
2.54515525e+001	5.76705842e-001	
2.56636488e+001	5.77182223e-001	
2.58757450e+001	5.77678890e-001	
2.60878413e+001	5.78195788e-001	
2.62999376e+001	5.78732865e-001	
2.65120338e+001	5.79221650e-001	
2.67241301e+001	5.78723921e-001	
2.69362264e+001	5.78283291e-001	
2.71483227e+001	5.77899892e-001	
2.73604189e+001	5.77573837e-001	
2.75725152e+001	5.77305223e-001	
2.77846115e+001	5.77094131e-001	
2.79967077e+001	5.76940624e-001	
2.82088040e+001	5.76844748e-001	
2.84209003e+001	5.76806532e-001	
2.86329965e+001	5.76825986e-001	
2.88450928e+001	5.76903105e-001	
2.90571891e+001	5.77037867e-001	
2.92692854e+001	5.77230230e-001	
2.94813816e+001	5.77373819e-001	
2.96934779e+001	5.77090078e-001	
2.99055742e+001	5.76859962e-001	
3.01176704e+001	5.76683537e-001	
3.03297667e+001	5.76560850e-001	
3.05418630e+001	5.76491936e-001	
3.07539593e+001	5.76476816e-001	
3.09660555e+001	5.76515492e-001	
3.11781518e+001	5.76607954e-001	
3.13902481e+001	5.76754176e-001	
3.16023443e+001	5.76954118e-001	
3.18144406e+001	5.77207723e-001	
3.20265369e+001	5.77514921e-001	
3.22386332e+001	5.77875626e-001	
3.24507294e+001	5.77972452e-001	
3.26628257e+001	5.77356848e-001	
3.28749220e+001	5.76763037e-001	
3.30870182e+001	5.76191086e-001	
3.32991145e+001	5.75641061e-001	
3.35112108e+001	5.75113024e-001	
3.37233070e+001	5.74607036e-001	
3.39354033e+001	5.74123156e-001	
3.41474996e+001	5.73661438e-001	
3.43595959e+001	5.73221938e-001	
3.45716921e+001	5.72804705e-001	
3.47837884e+001	5.72409789e-001	
3.49958847e+001	5.72037236e-001	
3.52079809e+001	5.71687090e-001	
3.54200772e+001	5.71280612e-001	
3.56321735e+001	5.70881807e-001	
3.58442698e+001	5.70640550e-001	
3.60563660e+001	5.70557041e-001	
3.62684623e+001	5.70631349e-001	
3.64805586e+001	5.70863413e-001	
3.66926548e+001	5.71253040e-001	
3.69047511e+001	5.71799908e-001	
3.71168474e+001	5.72503567e-001	
3.73289436e+001	5.73363439e-001	
3.75410399e+001	5.74378823e-001	
3.77531362e+001	5.75548896e-001	
3.79652325e+001	5.76872716e-001	
3.81773287e+001	5.78349227e-001	
3.83894250e+001	5.78142883e-001	
3.86015213e+001	5.76497525e-001	
3.88136175e+001	5.75012325e-001	
3.90257138e+001	5.73688527e-001	
3.92378101e+001	5.72527250e-001	
3.94499064e+001	5.71529486e-001	
3.96620026e+001	5.70696093e-001	
3.98740989e+001	5.70027790e-001	
4.00861952e+001	5.69525159e-001	
4.02982914e+001	5.69188640e-001	
4.05103877e+001	5.69018526e-001	
4.07224840e+001	5.69014967e-001	
4.09345803e+001	5.69177967e-001	
4.11466765e+001	5.69507381e-001	
4.13587728e+001	5.69852098e-001	
4.15708691e+001	5.70162264e-001	
4.17829653e+001	5.70492795e-001	
4.19950616e+001	5.70843655e-001	
4.22071579e+001	5.71214808e-001	
4.24192541e+001	5.71606214e-001	
4.26313504e+001	5.72017830e-001	
4.28434467e+001	5.72449615e-001	
4.30555430e+001	5.72901521e-001	
4.32676392e+001	5.73373501e-001	
4.34797355e+001	5.73865507e-001	
4.36918318e+001	5.74377485e-001	
4.39039280e+001	5.74909384e-001	
4.41160243e+001	5.75461148e-001	
4.43281206e+001	5.75121812e-001	
4.45402169e+001	5.74532795e-001	
4.47523131e+001	5.73965141e-001	
4.49644094e+001	5.73418914e-001	
4.51765057e+001	5.72894176e-001	
4.53886019e+001	5.72390985e-001	
4.56006982e+001	5.71909398e-001	
4.58127945e+001	5.71449470e-001	
4.60248907e+001	5.71011253e-001	
4.62369870e+001	5.70594797e-001	
4.64490833e+001	5.70200150e-001	
4.66611796e+001	5.69827357e-001	
4.68732758e+001	5.69476461e-001	
4.70853721e+001	5.69147503e-001	
4.72974684e+001	5.68702559e-001	
4.75095646e+001	5.68391994e-001	
4.77216609e+001	5.68240932e-001	
4.79337572e+001	5.68249500e-001	
4.81458535e+001	5.68417691e-001	
4.83579497e+001	5.68745362e-001	
4.85700460e+001	5.69232240e-001	
4.87821423e+001	5.69877915e-001	
4.89942385e+001	5.70681848e-001	
4.92063348e+001	5.71643372e-001	
4.94184311e+001	5.72761694e-001	
4.96305274e+001	5.74035896e-001	
4.98426236e+001	5.75464944e-001	
5.00547199e+001	5.77023508e-001	
5.02668162e+001	5.75280455e-001	
5.04789124e+001	5.73697125e-001	
5.06910087e+001	5.72274842e-001	
5.09031050e+001	5.71014810e-001	
5.11152012e+001	5.69918105e-001	
5.13272975e+001	5.68985672e-001	
5.15393938e+001	5.68218320e-001	
5.17514901e+001	5.67616718e-001	
5.19635863e+001	5.67181393e-001	
5.21756826e+001	5.66912728e-001	
5.23877789e+001	5.66810961e-001	
5.25998751e+001	5.66876181e-001	
5.28119714e+001	5.67108330e-001	
5.30240677e+001	5.67487206e-001	
5.32361640e+001	5.67810518e-001	
5.34482602e+001	5.68154307e-001	
5.36603565e+001	5.68518536e-001	
5.38724528e+001	5.68903165e-001	
5.40845490e+001	5.69308154e-001	
5.42966453e+001	5.69733457e-001	
5.45087416e+001	5.70179031e-001	
5.47208378e+001	5.70644828e-001	
5.49329341e+001	5.71130798e-001	
5.51450304e+001	5.71636890e-001	
5.53571267e+001	5.72163050e-001	
5.55692229e+001	5.72709223e-001	
5.57813192e+001	5.73275351e-001	
5.59934155e+001	5.73563767e-001	
5.62055117e+001	5.72945931e-001	
5.64176080e+001	5.72349183e-001	
5.66297043e+001	5.71773589e-001	
5.68418006e+001	5.71219213e-001	
5.70538968e+001	5.70686117e-001	
5.72659931e+001	5.70174360e-001	
5.74780894e+001	5.69684001e-001	
5.76901856e+001	5.69215093e-001	
5.79022819e+001	5.68767691e-001	
5.81143782e+001	5.68341845e-001	
5.83264745e+001	5.67937603e-001	
5.85385707e+001	5.67555013e-001	
5.87506670e+001	5.67194116e-001	
5.89627633e+001	5.66800973e-001	
5.91748595e+001	5.66428497e-001	
5.93869558e+001	5.66216762e-001	
5.95990521e+001	5.66165948e-001	
5.98111483e+001	5.66276099e-001	
6.00232446e+001	5.66547120e-001	
6.02353409e+001	5.66978781e-001	
6.04474372e+001	5.67570715e-001	
6.06595334e+001	5.68322422e-001	
6.08716297e+001	5.69233268e-001	
6.10837260e+001	5.70302492e-001	
6.12958222e+001	5.71529203e-001	
6.15079185e+001	5.72912392e-001	
6.17200148e+001	5.74450926e-001	
6.19321111e+001	5.74619759e-001	
6.21442073e+001	5.73233831e-001	
6.23563036e+001	5.71931676e-001	
6.25683999e+001	5.70713868e-001	
6.27804961e+001	5.69580949e-001	
6.29925924e+001	5.68533426e-001	
6.32046887e+001	5.67571771e-001	
6.34167849e+001	5.66696422e-001	
6.36288812e+001	5.65907780e-001	
6.38409775e+001	5.65206206e-001	
6.40530738e+001	5.64592027e-001	
6.42651700e+001	5.64065527e-001	
6.44772663e+001	5.63626951e-001	
6.46893626e+001	5.63276506e-001	
6.49014588e+001	5.63320611e-001	
6.51135551e+001	5.63656921e-001	
6.53256514e+001	5.64078076e-001	
6.55377477e+001	5.64583887e-001	
6.57498439e+001	5.65174125e-001	
6.59619402e+001	5.65848528e-001	
6.61740365e+001	5.66606794e-001	
6.63861327e+001	5.67448587e-001	
6.65982290e+001	5.68373536e-001	
6.68103253e+001	5.69381236e-001	
6.70224216e+001	5.70471248e-001	
6.72345178e+001	5.71643102e-001	
6.74466141e+001	5.72896295e-001	
6.76587104e+001	5.74230294e-001	
6.78708066e+001	5.73358579e-001	
6.80829029e+001	5.71724742e-001	
6.82949992e+001	5.70251210e-001	
6.85070954e+001	5.68939230e-001	
6.87191917e+001	5.67789920e-001	
6.89312880e+001	5.66804272e-001	
6.91433843e+001	5.65983139e-001	
6.93554805e+001	5.65327240e-001	
6.95675768e+001	5.64837148e-001	
6.97796731e+001	5.64513297e-001	
6.99917693e+001	5.64355972e-001	
7.02038656e+001	5.64365312e-001	
7.04159619e+001	5.64541310e-001	
7.06280582e+001	5.64883810e-001	
7.08401544e+001	5.65248384e-001	
7.10522507e+001	5.65616899e-001	
7.12643470e+001	5.66006018e-001	
7.14764432e+001	5.66415698e-001	
7.16885395e+001	5.66845896e-001	
7.19006358e+001	5.67296563e-001	
7.21127320e+001	5.67767652e-001	
7.23248283e+001	5.68259111e-001	
7.25369246e+001	5.68770889e-001	
7.27490209e+001	5.69302929e-001	
7.29611171e+001	5.69855176e-001	
7.31732134e+001	5.70427570e-001	
7.33853097e+001	5.71020051e-001	
7.35974059e+001	5.71632557e-001	
7.38095022e+001	5.71053846e-001	
7.40215985e+001	5.70434019e-001	
7.42336948e+001	5.69835047e-001	
7.44457910e+001	5.69256996e-001	
7.46578873e+001	5.68699931e-001	
7.48699836e+001	5.68163913e-001	
7.50820798e+001	5.67649001e-001	
7.52941761e+001	5.67155253e-001	
7.55062724e+001	5.66682725e-001	
7.57183687e+001	5.66231468e-001	
7.59304649e+001	5.65801536e-001	
7.61425612e+001	5.65392975e-001	
7.63546575e+001	5.65005833e-001	
7.65667537e+001	5.64631399e-001	
7.67788500e+001	5.64236505e-001	
7.69909463e+001	5.64004342e-001	
7.72030425e+001	5.63935110e-001	
7.74151388e+001	5.64028871e-001	
7.76272351e+001	5.64285541e-001	
7.78393314e+001	5.64704901e-001	
7.80514276e+001	5.65286586e-001	
7.82635239e+001	5.66030098e-001	
7.84756202e+001	5.66934798e-001	
7.86877164e+001	5.67999918e-001	
7.88998127e+001	5.69224556e-001	
7.91119090e+001	5.70607685e-001	
7.93240053e+001	5.72148157e-001	
7.95361015e+001	5.73239728e-001	
7.97481978e+001	5.71821928e-001	
7.99602941e+001	5.70487303e-001	
8.01723903e+001	5.69236437e-001	
8.03844866e+001	5.68069884e-001	
8.05965829e+001	5.66988163e-001	
8.08086791e+001	5.65991762e-001	
8.10207754e+001	5.65081132e-001	
8.12328717e+001	5.64256687e-001	
8.14449680e+001	5.63518807e-001	
8.16570642e+001	5.62867831e-001	
8.18691605e+001	5.62304062e-001	
8.20812568e+001	5.61827762e-001	
8.22933530e+001	5.61439153e-001	
8.25054493e+001	5.61306766e-001	
8.27175456e+001	5.61643682e-001	
8.29296419e+001	5.62066496e-001	
8.31417381e+001	5.62575015e-001	
8.33538344e+001	5.63169006e-001	
8.35659307e+001	5.63848199e-001	
8.37780269e+001	5.64612288e-001	
8.39901232e+001	5.65460927e-001	
8.42022195e+001	5.66393737e-001	
8.44143158e+001	5.67410302e-001	
8.46264120e+001	5.68510173e-001	
8.48385083e+001	5.69692868e-001	
8.50506046e+001	5.70957873e-001	
8.52627008e+001	5.72304640e-001	
8.54747971e+001	5.72360020e-001	
8.56868934e+001	5.70683861e-001	
8.58989896e+001	5.69167213e-001	
8.61110859e+001	5.67811355e-001	
8.63231822e+001	5.66617441e-001	
8.65352785e+001	5.65586497e-001	
8.67473747e+001	5.64719415e-001	
8.69594710e+001	5.64016951e-001	
8.71715673e+001	5.63479721e-001	
8.73836635e+001	5.63108198e-001	
8.75957598e+001	5.62902709e-001	
8.78078561e+001	5.62863437e-001	
8.80199524e+001	5.62990416e-001	
8.82320486e+001	5.63283535e-001	
8.84441449e+001	5.63672116e-001	
8.86562412e+001	5.64055174e-001	
8.88683374e+001	5.64459048e-001	
8.90804337e+001	5.64883694e-001	
8.92925300e+001	5.65329065e-001	
8.95046262e+001	5.65795113e-001	
8.97167225e+001	5.66281786e-001	
8.99288188e+001	5.66789031e-001	
9.01409151e+001	5.67316793e-001	
9.03530113e+001	5.67865015e-001	
9.05651076e+001	5.68433637e-001	
9.07772039e+001	5.69022599e-001	
9.09893001e+001	5.69631837e-001	
9.12013964e+001	5.70261286e-001	
9.14134927e+001	5.70049950e-001	
9.16255890e+001	5.69415062e-001	
9.18376852e+001	5.68800825e-001	
9.20497815e+001	5.68207304e-001	
9.22618778e+001	5.67634566e-001	
9.24739740e+001	5.67082672e-001	
9.26860703e+001	5.66551684e-001	
9.28981666e+001	5.66041661e-001	
9.31102629e+001	5.65552659e-001	
9.33223591e+001	5.65084732e-001	
9.35344554e+001	5.64637935e-001	
9.37465517e+001	5.64212315e-001	
9.39586479e+001	5.63807922e-001	
9.41707442e+001	5.63424802e-001	
9.43828405e+001	5.63027576e-001	
9.45949367e+001	5.62768920e-001	
9.48070330e+001	5.62675082e-001	
9.50191293e+001	5.62746146e-001	
9.52312256e+001	5.62982049e-001	
9.54433218e+001	5.63382584e-001	
9.56554181e+001	5.63947400e-001	
9.58675144e+001	5.64676004e-001	
9.60796106e+001	5.65567763e-001	
9.62917069e+001	5.66621907e-001	
9.65038032e+001	5.67837532e-001	
9.67158995e+001	5.69213602e-001	
9.69279957e+001	5.70748958e-001	
9.71400920e+001	5.72442317e-001	
9.73521883e+001	5.71065783e-001	
9.75642845e+001	5.69472620e-001	
9.77763808e+001	5.68039423e-001	
9.79884771e+001	5.66767406e-001	
9.82005733e+001	5.65657655e-001	
9.84126696e+001	5.64711129e-001	
9.86247659e+001	5.63928648e-001	
9.88368622e+001	5.63310896e-001	
9.90489584e+001	5.62858416e-001	
9.92610547e+001	5.62571607e-001	
9.94731510e+001	5.62450721e-001	
9.96852472e+001	5.62495866e-001	
9.98973435e+001	5.62707002e-001	
1.00109440e+002	5.63082685e-001	
1.00321536e+002	5.63461801e-001	
1.00533632e+002	5.63861965e-001	
1.00745729e+002	5.64283131e-001	
1.00957825e+002	5.64725253e-001	
1.01169921e+002	5.65188280e-001	
1.01382017e+002	5.65672162e-001	
1.01594114e+002	5.66176845e-001	
1.01806210e+002	5.66702274e-001	
1.02018306e+002	5.67248390e-001	
1.02230402e+002	5.67815135e-001	
1.02442499e+002	5.68402447e-001	
1.02654595e+002	5.69010261e-001	
1.02866691e+002	5.69638512e-001	
1.03078788e+002	5.70113963e-001	
1.03290884e+002	5.69470475e-001	
1.03502980e+002	5.68847391e-001	
1.03715076e+002	5.68244780e-001	
1.03927173e+002	5.67662705e-001	
1.04139269e+002	5.67101230e-001	
1.04351365e+002	5.66560417e-001	
1.04563461e+002	5.66040324e-001	
1.04775558e+002	5.65541009e-001	
1.04987654e+002	5.65062527e-001	
1.05199750e+002	5.64604931e-001	
1.05411847e+002	5.64168271e-001	
1.05623943e+002	5.63752597e-001	
1.05836039e+002	5.63357954e-001	
1.06048135e+002	5.62966294e-001	
1.06260232e+002	5.62631365e-001	
1.06472328e+002	5.62461632e-001	
1.06684424e+002	5.62457243e-001	
1.06896520e+002	5.62618202e-001	
1.07108617e+002	5.62944368e-001	
1.07320713e+002	5.63435454e-001	
1.07532809e+002	5.64091029e-001	
1.07744906e+002	5.64910520e-001	
1.07957002e+002	5.65893215e-001	
1.08169098e+002	5.67038265e-001	
1.08381194e+002	5.68344691e-001	
1.08593291e+002	5.69811380e-001	
1.08805387e+002	5.71437100e-001	
1.09017483e+002	5.72014257e-001	
1.09229579e+002	5.70625835e-001	
1.09441676e+002	5.69319665e-001	
1.09653772e+002	5.68096314e-001	
1.09865868e+002	5.66956318e-001	
1.10077965e+002	5.65900182e-001	
1.10290061e+002	5.64928375e-001	
1.10502157e+002	5.64041333e-001	
1.10714253e+002	5.63239456e-001	
1.10926350e+002	5.62523110e-001	
1.11138446e+002	5.61892621e-001	
1.11350542e+002	5.61348278e-001	
1.11562638e+002	5.60890332e-001	
1.11774735e+002	5.60518995e-001	
1.11986831e+002	5.60512395e-001	
1.12198927e+002	5.60886568e-001	
1.12411023e+002	5.61347550e-001	
1.12623120e+002	5.61895128e-001	
1.12835216e+002	5.62529049e-001	
1.13047312e+002	5.63249022e-001	
1.13259409e+002	5.64054717e-001	
1.13471505e+002	5.64945768e-001	
1.13683601e+002	5.65921770e-001	
1.13895697e+002	5.66982286e-001	
1.14107794e+002	5.68126843e-001	
1.14319890e+002	5.69354933e-001	
1.14531986e+002	5.70666017e-001	
1.14744082e+002	5.72059524e-001	
1.14956179e+002	5.71774793e-001	
1.15168275e+002	5.70418339e-001	
1.15380371e+002	5.69143783e-001	
1.15592468e+002	5.67951674e-001	
1.15804564e+002	5.66842534e-001	
1.16016660e+002	5.65816850e-001	
1.16228756e+002	5.64875076e-001	
1.16440853e+002	5.64017634e-001	
1.16652949e+002	5.63244908e-001	
1.16865045e+002	5.62557247e-001	
1.17077141e+002	5.61954964e-001	
1.17289238e+002	5.61438333e-001	
1.17501334e+002	5.61007591e-001	
1.17713430e+002	5.60662936e-001	
1.17925527e+002	5.60812425e-001	
1.18137623e+002	5.61205761e-001	
1.18349719e+002	5.61685997e-001	
1.18561815e+002	5.62252912e-001	
1.18773912e+002	5.62906242e-001	
1.18986008e+002	5.63645688e-001	
1.19198104e+002	5.64470911e-001	
1.19410200e+002	5.65381536e-001	
1.19622297e+002	5.66377151e-001	
1.19834393e+002	5.67457308e-001	
1.20046489e+002	5.68621525e-001	
1.20258586e+002	5.69869288e-001	
1.20470682e+002	5.71200048e-001	
1.20682778e+002	5.72613228e-001	
1.20894874e+002	5.71665354e-001	
1.21106971e+002	5.70334394e-001	
1.21319067e+002	5.69085209e-001	
1.21531163e+002	5.67918336e-001	
1.21743259e+002	5.66834285e-001	
1.21955356e+002	5.65833531e-001	
1.22167452e+002	5.64916517e-001	
1.22379548e+002	5.64083652e-001	
1.22591644e+002	5.63335309e-001	
1.22803741e+002	5.62671824e-001	
1.23015837e+002	5.62093499e-001	
1.23227933e+002	5.61600597e-001	
1.23440030e+002	5.61193342e-001	
1.23652126e+002	5.60871922e-001	
1.23864222e+002	5.61176384e-001	
1.24076318e+002	5.61591525e-001	
1.24288415e+002	5.62093705e-001	
1.24500511e+002	5.62682689e-001	
1.24712607e+002	5.63358207e-001	
1.24924703e+002	5.64119948e-001	
1.25136800e+002	5.64967562e-001	
1.25348896e+002	5.65900663e-001	
1.25560992e+002	5.66918830e-001	
1.25773089e+002	5.68021605e-001	
1.25985185e+002	5.69208497e-001	
1.26197281e+002	5.70478980e-001	
1.26409377e+002	5.71832497e-001	
1.26621474e+002	5.73046905e-001	
1.26833570e+002	5.71663829e-001	
1.27045666e+002	5.70361852e-001	
1.27257762e+002	5.69141532e-001	
1.27469859e+002	5.68003395e-001	
1.27681955e+002	5.66947936e-001	
1.27894051e+002	5.65975617e-001	
1.28106148e+002	5.65086868e-001	
1.28318244e+002	5.64282084e-001	
1.28530340e+002	5.63561624e-001	
1.28742436e+002	5.62925811e-001	
1.28954533e+002	5.62374934e-001	
1.29166629e+002	5.61909241e-001	
1.29378725e+002	5.61528945e-001	
1.29590821e+002	5.61342193e-001	
1.29802918e+002	5.61689509e-001	
1.30015014e+002	5.62124193e-001	
1.30227110e+002	5.62646043e-001	
1.30439206e+002	5.63254816e-001	
1.30651303e+002	5.63950231e-001	
1.30863399e+002	5.64731967e-001	
1.31075495e+002	5.65599668e-001	
1.31287592e+002	5.66552937e-001	
1.31499688e+002	5.67591344e-001	
1.31711784e+002	5.68714422e-001	
1.31923880e+002	5.69921671e-001	
1.32135977e+002	5.71212557e-001	
1.32348073e+002	5.72586514e-001	
1.32560169e+002	5.73140045e-001	
1.32772265e+002	5.71788280e-001	
1.32984362e+002	5.70517499e-001	
1.33196458e+002	5.69328245e-001	
1.33408554e+002	5.68221028e-001	
1.33620651e+002	5.67196329e-001	
1.33832747e+002	5.66254597e-001	
1.34044843e+002	5.65396246e-001	
1.34256939e+002	5.64621656e-001	
1.34469036e+002	5.63931172e-001	
1.34681132e+002	5.63325104e-001	
1.34893228e+002	5.62803724e-001	
1.35105324e+002	5.62367268e-001	
1.35317421e+002	5.62015934e-001	
1.35529517e+002	5.61983091e-001	
1.35741613e+002	5.62345649e-001	
1.35953710e+002	5.62795669e-001	
1.36165806e+002	5.63332940e-001	
1.36377902e+002	5.63957214e-001	
1.36589998e+002	5.64668202e-001	
1.36802095e+002	5.65465576e-001	
1.37014191e+002	5.66348973e-001	
1.37226287e+002	5.67317989e-001	
1.37438383e+002	5.68372188e-001	
1.37650480e+002	5.69511096e-001	
1.37862576e+002	5.70734206e-001	
1.38074672e+002	5.72040978e-001	
1.38286769e+002	5.73430839e-001	
1.38498865e+002	5.73325802e-001	
1.38710961e+002	5.72003687e-001	
1.38923057e+002	5.70762405e-001	
1.39135154e+002	5.69602484e-001	
1.39347250e+002	5.68524422e-001	
1.39559346e+002	5.67528687e-001	
1.39771442e+002	5.66615711e-001	
1.39983539e+002	5.65785895e-001	
1.40195635e+002	5.65039607e-001	
1.40407731e+002	5.64377176e-001	
1.40619827e+002	5.63798900e-001	
1.40831924e+002	5.63305036e-001	
1.41044020e+002	5.62895807e-001	
1.41256116e+002	5.62571399e-001	
1.41468213e+002	5.62687580e-001	
1.41680309e+002	5.63068847e-001	
1.41892405e+002	5.63537677e-001	
1.42104501e+002	5.64093854e-001	
1.42316598e+002	5.64737117e-001	
1.42528694e+002	5.65467172e-001	
1.42740790e+002	5.66283680e-001	
1.42952886e+002	5.67186270e-001	
1.43164983e+002	5.68174531e-001	
1.43377079e+002	5.69248016e-001	
1.43589175e+002	5.70406245e-001	
1.43801272e+002	5.71648703e-001	
1.44013368e+002	5.72974841e-001	
1.44225464e+002	5.74384080e-001	
1.44437560e+002	5.73630183e-001	
1.44649657e+002	5.72340624e-001	
1.44861753e+002	5.71131742e-001	
1.45073849e+002	5.70004050e-001	
1.45285945e+002	5.68958032e-001	
1.45498042e+002	5.67994137e-001	
1.45710138e+002	5.67112785e-001	
1.45922234e+002	5.66314361e-001	
1.46134331e+002	5.65599217e-001	
1.46346427e+002	5.64967668e-001	
1.46558523e+002	5.64419996e-001	
1.46770619e+002	5.63956444e-001	
1.46982716e+002	5.63577221e-001	
1.47194812e+002	5.63282496e-001	
1.47406908e+002	5.63542097e-001	
1.47619004e+002	5.63939941e-001	
1.47831101e+002	5.64425417e-001	
1.48043197e+002	5.64998300e-001	
1.48255293e+002	5.65658324e-001	
1.48467390e+002	5.66405185e-001	
1.48679486e+002	5.67238539e-001	
1.48891582e+002	5.68158006e-001	
1.49103678e+002	5.69163168e-001	
1.49315775e+002	5.70253573e-001	
1.49527871e+002	5.71428732e-001	
1.49739967e+002	5.72688124e-001	
1.49952063e+002	5.74031194e-001	
1.50164160e+002	5.75398151e-001	
1.50376256e+002	5.74063540e-001	
1.50588352e+002	5.72808898e-001	
1.50800448e+002	5.71634752e-001	
1.51012545e+002	5.70541599e-001	
1.51224641e+002	5.69529905e-001	
1.51436737e+002	5.68600104e-001	
1.51648834e+002	5.67752600e-001	
1.51860930e+002	5.66987761e-001	
1.52073026e+002	5.66305922e-001	
1.52285122e+002	5.65707383e-001	
1.52497219e+002	5.65192409e-001	
1.52709315e+002	5.64761229e-001	
1.52921411e+002	5.64414034e-001	
1.53133507e+002	5.64220256e-001	
1.53345604e+002	5.64542336e-001	
1.53557700e+002	5.64952266e-001	
1.53769796e+002	5.65449856e-001	
1.53981893e+002	5.66034873e-001	
1.54193989e+002	5.66707048e-001	
1.54406085e+002	5.67466070e-001	
1.54618181e+002	5.68311592e-001	
1.54830278e+002	5.69243227e-001	
1.55042374e+002	5.70260555e-001	
1.55254470e+002	5.71363117e-001	
1.55466566e+002	5.72550420e-001	
1.55678663e+002	5.73821940e-001	
1.55890759e+002	5.75177116e-001	
1.56102855e+002	5.75890437e-001	
1.56314952e+002	5.74587963e-001	
1.56527048e+002	5.73365256e-001	
1.56739144e+002	5.72222828e-001	
1.56951240e+002	5.71161160e-001	
1.57163337e+002	5.70180703e-001	
1.57375433e+002	5.69281878e-001	
1.57587529e+002	5.68465071e-001	
1.57799625e+002	5.67730636e-001	
1.58011722e+002	5.67078894e-001	
1.58223818e+002	5.66510130e-001	
1.58435914e+002	5.66024594e-001	
1.58648011e+002	5.65622499e-001	
1.58860107e+002	5.65304026e-001	
1.59072203e+002	5.65251530e-001	
1.59284299e+002	5.65589428e-001	
1.59496396e+002	5.66015205e-001	
1.59708492e+002	5.66528661e-001	
1.59920588e+002	5.67129558e-001	
1.60132684e+002	5.67817620e-001	
1.60344781e+002	5.68592529e-001	
1.60556877e+002	5.69453932e-001	
1.60768973e+002	5.70401435e-001	
1.60981069e+002	5.71434611e-001	
1.61193166e+002	5.72552996e-001	
1.61405262e+002	5.73756092e-001	
1.61617358e+002	5.75043367e-001	
1.61829455e+002	5.76414258e-001	
1.62041551e+002	5.76486713e-001	
1.62253647e+002	5.75218841e-001	
1.62465743e+002	5.74030542e-001	
1.62677840e+002	5.72922310e-001	
1.62889936e+002	5.71894611e-001	
1.63102032e+002	5.70947880e-001	
1.63314128e+002	5.70082521e-001	
1.63526225e+002	5.69298903e-001	
1.63738321e+002	5.68597366e-001	
1.63950417e+002	5.67978213e-001	
1.64162514e+002	5.67441714e-001	
1.64374610e+002	5.66988103e-001	
1.64586706e+002	5.66617581e-001	
1.64798802e+002	5.66330309e-001	
1.65010899e+002	5.66412888e-001	
1.65222995e+002	5.66764882e-001	
1.65435091e+002	5.67204734e-001	
1.65647187e+002	5.67732238e-001	
1.65859284e+002	5.68347152e-001	
1.66071380e+002	5.69049191e-001	
1.66283476e+002	5.69838034e-001	
1.66495573e+002	5.70713321e-001	
1.66707669e+002	5.71674654e-001	
1.66919765e+002	5.72721601e-001	
1.67131861e+002	5.73853693e-001	
1.67343958e+002	5.75070427e-001	
1.67556054e+002	5.76371267e-001	
1.67768150e+002	5.77755644e-001	
1.67980246e+002	5.77197292e-001	
1.68192343e+002	5.75965962e-001	
1.68404439e+002	5.74813995e-001	
1.68616535e+002	5.73741869e-001	
1.68828632e+002	5.72750032e-001	
1.69040728e+002	5.71838902e-001	
1.69252824e+002	5.71008865e-001	
1.69464920e+002	5.70260276e-001	
1.69677017e+002	5.69593455e-001	
1.69889113e+002	5.69008690e-001	
1.70101209e+002	5.68506235e-001	
1.70313305e+002	5.68086308e-001	
1.70525402e+002	5.67749091e-001	
1.70737498e+002	5.67494732e-001	
1.70949594e+002	5.67700424e-001	
1.71161690e+002	5.68061679e-001	
1.71373787e+002	5.68510716e-001	
1.71585883e+002	5.69047327e-001	
1.71797979e+002	5.69671266e-001	
1.72010076e+002	5.70382244e-001	
1.72222172e+002	5.71179938e-001	
1.72434268e+002	5.72063984e-001	
1.72646364e+002	5.73033984e-001	
1.72858461e+002	5.74089500e-001	
1.73070557e+002	5.75230063e-001	
1.73282653e+002	5.76455167e-001	
1.73494749e+002	5.77764276e-001	
1.73706846e+002	5.79156818e-001	
1.73918942e+002	5.77974514e-001	
1.74131038e+002	5.76775316e-001	
1.74343135e+002	5.75655241e-001	
1.74555231e+002	5.74614751e-001	
1.74767327e+002	5.73654281e-001	
1.74979423e+002	5.72774231e-001	
1.75191520e+002	5.71974975e-001	
1.75403616e+002	5.71256850e-001	
1.75615712e+002	5.70620163e-001	
1.75827808e+002	5.70065187e-001	
1.76039905e+002	5.69592161e-001	
1.76252001e+002	5.69201289e-001	
1.76464097e+002	5.68892740e-001	
1.76676194e+002	5.68702300e-001	
1.76888290e+002	5.68989488e-001	
1.77100386e+002	5.69364522e-001	
1.77312482e+002	5.69827227e-001	
1.77524579e+002	5.70377392e-001	
1.77736675e+002	5.71014762e-001	
1.77948771e+002	5.71739046e-001	
1.78160867e+002	5.72549915e-001	
1.78372964e+002	5.73447000e-001	
1.78585060e+002	5.74429899e-001	
1.78797156e+002	5.75498171e-001	
1.79009252e+002	5.76651343e-001	
1.79221349e+002	5.77888905e-001	
1.79433445e+002	5.79210317e-001	
1.79645541e+002	5.80065546e-001	
1.79857638e+002	5.78821909e-001	
1.80069734e+002	5.77656751e-001	
1.80281830e+002	5.76570547e-001	
1.80493926e+002	5.75563745e-001	
1.80706023e+002	5.74636761e-001	
1.80918119e+002	5.73789983e-001	
1.81130215e+002	5.73023766e-001	
1.81342311e+002	5.72338434e-001	
1.81554408e+002	5.71734277e-001	
1.81766504e+002	5.71211553e-001	
1.81978600e+002	5.70770486e-001	
1.82190697e+002	5.70411266e-001	
1.82402793e+002	5.70134046e-001	
1.82614889e+002	5.70068054e-001	
1.82826985e+002	5.70362944e-001	
1.83039082e+002	5.70745439e-001	
1.83251178e+002	5.71215362e-001	
1.83463274e+002	5.71772498e-001	
1.83675370e+002	5.72416592e-001	
1.83887467e+002	5.73147350e-001	
1.84099563e+002	5.73964443e-001	
1.84311659e+002	5.74867501e-001	
1.84523756e+002	5.75856121e-001	
1.84735852e+002	5.76929862e-001	
1.84947948e+002	5.78088250e-001	
1.85160044e+002	5.79330777e-001	
1.85372141e+002	5.80656904e-001	
1.85584237e+002	5.80883274e-001	
1.85796333e+002	5.79668220e-001	
1.86008429e+002	5.78531529e-001	
1.86220526e+002	5.77473662e-001	
1.86432622e+002	5.76495054e-001	
1.86644718e+002	5.75596108e-001	
1.86856815e+002	5.74777199e-001	
1.87068911e+002	5.74038670e-001	
1.87281007e+002	5.73380830e-001	
1.87493103e+002	5.72803958e-001	
1.87705200e+002	5.72308298e-001	
1.87917296e+002	5.71894063e-001	
1.88129392e+002	5.71561428e-001	
1.88341488e+002	5.71310536e-001	
1.88553585e+002	5.71357788e-001	
1.88765681e+002	5.71664281e-001	
1.88977777e+002	5.72058090e-001	
1.89189873e+002	5.72539035e-001	
1.89401970e+002	5.73106896e-001	
1.89614066e+002	5.73761414e-001	
1.89826162e+002	5.74502295e-001	
1.90038259e+002	5.75329204e-001	
1.90250355e+002	5.76241771e-001	
1.90462451e+002	5.77239590e-001	
1.90674547e+002	5.78322219e-001	
1.90886644e+002	5.79489183e-001	
1.91098740e+002	5.80739974e-001	
1.91310836e+002	5.82074051e-001	
1.91522932e+002	5.81683216e-001	
1.91735029e+002	5.80495220e-001	
1.91947125e+002	5.79385616e-001	
1.92159221e+002	5.78354856e-001	
1.92371318e+002	5.77403363e-001	
1.92583414e+002	5.76531528e-001	
1.92795510e+002	5.75739714e-001	
1.93007606e+002	5.75028250e-001	
1.93219703e+002	5.74397437e-001	
1.93431799e+002	5.73847539e-001	
1.93643895e+002	5.73378790e-001	
1.93855991e+002	5.72991388e-001	
1.94068088e+002	5.72685500e-001	
1.94280184e+002	5.72461254e-001	
1.94492280e+002	5.72612867e-001	
1.94704377e+002	5.72928272e-001	
1.94916473e+002	5.73330473e-001	
1.95128569e+002	5.73819286e-001	
1.95340665e+002	5.74394491e-001	
1.95552762e+002	5.75055828e-001	
1.95764858e+002	5.75803001e-001	
1.95976954e+002	5.76635676e-001	
1.96189050e+002	5.77553484e-001	
1.96401147e+002	5.78556018e-001	
1.96613243e+002	5.79642839e-001	
1.96825339e+002	5.80813475e-001	
1.97037436e+002	5.82067419e-001	
1.97249532e+002	5.83404134e-001	
1.97461628e+002	5.82398628e-001	
1.97673724e+002	5.81230937e-001	
1.97885821e+002	5.80141943e-001	
1.98097917e+002	5.79132089e-001	
1.98310013e+002	5.78201791e-001	
1.98522109e+002	5.77351432e-001	
1.98734206e+002	5.76581366e-001	
1.98946302e+002	5.75891916e-001	
1.99158398e+002	5.75283372e-001	
1.99370494e+002	5.74755990e-001	
1.99582591e+002	5.74309993e-001	
1.99794687e+002	5.73945573e-001	
2.00006783e+002	5.73662883e-001	
2.00218880e+002	5.73471759e-001	
2.00430976e+002	5.73704863e-001	
2.00643072e+002	5.74024323e-001	
2.00855168e+002	5.74429996e-001	
2.01067265e+002	5.74921698e-001	
2.01279361e+002	5.75499209e-001	
2.01491457e+002	5.76162272e-001	
2.01703553e+002	5.76910591e-001	
2.01915650e+002	5.77743836e-001	
2.02127746e+002	5.78661638e-001	
2.02339842e+002	5.79663597e-001	
2.02551939e+002	5.80749277e-001	
2.02764035e+002	5.81918209e-001	
2.02976131e+002	5.83169893e-001	
2.03188227e+002	5.84071084e-001	
2.03400324e+002	5.82559064e-001	
2.03612420e+002	5.81198452e-001	
2.03824516e+002	5.79990316e-001	
2.04036612e+002	5.78935610e-001	
2.04248709e+002	5.78035172e-001	
2.04460805e+002	5.77289726e-001	
2.04672901e+002	5.76699872e-001	
2.04884998e+002	5.76266088e-001	
2.05097094e+002	5.75988727e-001	
2.05309190e+002	5.75868014e-001	
2.05521286e+002	5.75904049e-001	
2.05733383e+002	5.76096801e-001	
2.05945479e+002	5.76446114e-001	
2.06157575e+002	5.76864658e-001	
2.06369671e+002	5.77111439e-001	
2.06581768e+002	5.77379716e-001	
2.06793864e+002	5.77669459e-001	
2.07005960e+002	5.77980636e-001	
2.07218057e+002	5.78313211e-001	
2.07430153e+002	5.78667148e-001	
2.07642249e+002	5.79042408e-001	
2.07854345e+002	5.79438949e-001	
2.08066442e+002	5.79856728e-001	
2.08278538e+002	5.80295698e-001	
2.08490634e+002	5.80755812e-001	
2.08702730e+002	5.81237020e-001	
2.08914827e+002	5.81739269e-001	
2.09126923e+002	5.81864299e-001	
2.09339019e+002	5.81365672e-001	
2.09551115e+002	5.80887692e-001	
2.09763212e+002	5.80430411e-001	
2.09975308e+002	5.79993876e-001	
2.10187404e+002	5.79578136e-001	
2.10399501e+002	5.79183234e-001	
2.10611597e+002	5.78809213e-001	
2.10823693e+002	5.78456115e-001	
2.11035789e+002	5.78123976e-001	
2.11247886e+002	5.77812835e-001	
2.11459982e+002	5.77522723e-001	
2.11672078e+002	5.77253673e-001	
2.11884174e+002	5.77005715e-001	
2.12096271e+002	5.76643932e-001	
2.12308367e+002	5.76270953e-001	
2.12520463e+002	5.76056177e-001	
2.12732560e+002	5.75999781e-001	
2.12944656e+002	5.76101813e-001	
2.13156752e+002	5.76362186e-001	
2.13368848e+002	5.76780688e-001	
2.13580945e+002	5.77356975e-001	
2.13793041e+002	5.78090574e-001	
2.14005137e+002	5.78980887e-001	
2.14217233e+002	5.80027193e-001	
2.14429330e+002	5.81228650e-001	
2.14641426e+002	5.82584297e-001	
2.14853522e+002	5.84093062e-001	
2.15065619e+002	5.83899029e-001	
2.15277715e+002	5.82653383e-001	
2.15489811e+002	5.81489355e-001	
2.15701907e+002	5.80407437e-001	
2.15914004e+002	5.79408087e-001	
2.16126100e+002	5.78491734e-001	
2.16338196e+002	5.77658773e-001	
2.16550292e+002	5.76909565e-001	
2.16762389e+002	5.76244437e-001	
2.16974485e+002	5.75663679e-001	
2.17186581e+002	5.75167549e-001	
2.17398677e+002	5.74756265e-001	
2.17610774e+002	5.74430008e-001	
2.17822870e+002	5.74188925e-001	
2.18034966e+002	5.74282018e-001	
2.18247063e+002	5.74547331e-001	
2.18459159e+002	5.74895176e-001	
2.18671255e+002	5.75325404e-001	
2.18883351e+002	5.75837830e-001	
2.19095448e+002	5.76432236e-001	
2.19307544e+002	5.77108368e-001	
2.19519640e+002	5.77865939e-001	
2.19731736e+002	5.78704629e-001	
2.19943833e+002	5.79624086e-001	
2.20155929e+002	5.80623926e-001	
2.20368025e+002	5.81703736e-001	
2.20580122e+002	5.82863069e-001	
2.20792218e+002	5.84101454e-001	
2.21004314e+002	5.83157925e-001	
2.21216410e+002	5.81910127e-001	
2.21428507e+002	5.80744753e-001	
2.21640603e+002	5.79662301e-001	
2.21852699e+002	5.78663235e-001	
2.22064795e+002	5.77747988e-001	
2.22276892e+002	5.76916959e-001	
2.22488988e+002	5.76170513e-001	
2.22701084e+002	5.75508979e-001	
2.22913181e+002	5.74932649e-001	
2.23125277e+002	5.74441781e-001	
2.23337373e+002	5.74036593e-001	
2.23549469e+002	5.73717267e-001	
2.23761566e+002	5.73483946e-001	
2.23973662e+002	5.73671678e-001	
2.24185758e+002	5.73951286e-001	
2.24397854e+002	5.74313027e-001	
2.24609951e+002	5.74756745e-001	
2.24822047e+002	5.75282251e-001	
2.25034143e+002	5.75889321e-001	
2.25246240e+002	5.76577698e-001	
2.25458336e+002	5.77347091e-001	
2.25670432e+002	5.78197176e-001	
2.25882528e+002	5.79127597e-001	
2.26094625e+002	5.80137969e-001	
2.26306721e+002	5.81227875e-001	
2.26518817e+002	5.82396867e-001	
2.26730913e+002	5.83371005e-001	
2.26943010e+002	5.81710198e-001	
2.27155106e+002	5.80206453e-001	
2.27367202e+002	5.78860993e-001	
2.27579298e+002	5.77674925e-001	
2.27791395e+002	5.76649232e-001	
2.28003491e+002	5.75784771e-001	
2.28215587e+002	5.75082270e-001	
2.28427684e+002	5.74542321e-001	
2.28639780e+002	5.74165385e-001	
2.28851876e+002	5.73951781e-001	
2.29063972e+002	5.73901693e-001	
2.29276069e+002	5.74015163e-001	
2.29488165e+002	5.74292094e-001	
2.29700261e+002	5.74683967e-001	
2.29912357e+002	5.74969410e-001	
2.30124454e+002	5.75275499e-001	
2.30336550e+002	5.75602202e-001	
2.30548646e+002	5.75949483e-001	
2.30760743e+002	5.76317305e-001	
2.30972839e+002	5.76705629e-001	
2.31184935e+002	5.77114414e-001	
2.31397031e+002	5.77543615e-001	
2.31609128e+002	5.77993188e-001	
2.31821224e+002	5.78463085e-001	
2.32033320e+002	5.78953256e-001	
2.32245416e+002	5.79463651e-001	
2.32457513e+002	5.79994215e-001	
2.32669609e+002	5.80196532e-001	
2.32881705e+002	5.79724425e-001	
2.33093802e+002	5.79309374e-001	
2.33305898e+002	5.78951502e-001	
2.33517994e+002	5.78650915e-001	
2.33730090e+002	5.78407702e-001	
2.33942187e+002	5.78221936e-001	
2.34154283e+002	5.78093673e-001	
2.34366379e+002	5.78022950e-001	
2.34578475e+002	5.78009788e-001	
2.34790572e+002	5.78054192e-001	
2.35002668e+002	5.78156148e-001	
2.35214764e+002	5.78315626e-001	
2.35426861e+002	5.78532579e-001	
2.35638957e+002	5.78537369e-001	
2.35851053e+002	5.78259738e-001	
2.36063149e+002	5.78035619e-001	
2.36275246e+002	5.77865074e-001	
2.36487342e+002	5.77748151e-001	
2.36699438e+002	5.77684882e-001	
2.36911534e+002	5.77675284e-001	
2.37123631e+002	5.77719362e-001	
2.37335727e+002	5.77817101e-001	
2.37547823e+002	5.77968475e-001	
2.37759919e+002	5.78173443e-001	
2.37972016e+002	5.78431946e-001	
2.38184112e+002	5.78743913e-001	
2.38396208e+002	5.79109258e-001	
2.38608305e+002	5.78940482e-001	
2.38820401e+002	5.78343508e-001	
2.39032497e+002	5.77768382e-001	
2.39244593e+002	5.77215169e-001	
2.39456690e+002	5.76683932e-001	
2.39668786e+002	5.76174732e-001	
2.39880882e+002	5.75687628e-001	
2.40092978e+002	5.75222675e-001	
2.40305075e+002	5.74779928e-001	
2.40517171e+002	5.74359438e-001	
2.40729267e+002	5.73961253e-001	
2.40941364e+002	5.73585421e-001	
2.41153460e+002	5.73231984e-001	
2.41365556e+002	5.72900986e-001	
2.41577652e+002	5.72462830e-001	
2.41789749e+002	5.72099032e-001	
2.42001845e+002	5.71892129e-001	
2.42213941e+002	5.71842292e-001	
2.42426037e+002	5.71949562e-001	
2.42638134e+002	5.72213850e-001	
2.42850230e+002	5.72634939e-001	
2.43062326e+002	5.73212484e-001	
2.43274423e+002	5.73946011e-001	
2.43486519e+002	5.74834925e-001	
2.43698615e+002	5.75878505e-001	
2.43910711e+002	5.77075912e-001	
2.44122808e+002	5.78426191e-001	
2.44334904e+002	5.79928275e-001	
2.44547000e+002	5.78863207e-001	
2.44759096e+002	5.77270809e-001	
2.44971193e+002	5.75838539e-001	
2.45183289e+002	5.74567595e-001	
2.45395385e+002	5.73459050e-001	
2.45607482e+002	5.72513847e-001	
2.45819578e+002	5.71732797e-001	
2.46031674e+002	5.71116572e-001	
2.46243770e+002	5.70665707e-001	
2.46455867e+002	5.70380594e-001	
2.46667963e+002	5.70261482e-001	
2.46880059e+002	5.70308473e-001	
2.47092155e+002	5.70521529e-001	
2.47304252e+002	5.70900461e-001	
2.47516348e+002	5.71197487e-001	
2.47728444e+002	5.71498422e-001	
2.47940540e+002	5.71819681e-001	
2.48152637e+002	5.72161232e-001	
2.48364733e+002	5.72523037e-001	
2.48576829e+002	5.72905058e-001	
2.48788926e+002	5.73307255e-001	
2.49001022e+002	5.73729585e-001	
2.49213118e+002	5.74172003e-001	
2.49425214e+002	5.74634464e-001	
2.49637311e+002	5.75116919e-001	
2.49849407e+002	5.75619318e-001	
2.50061503e+002	5.76141609e-001	
2.50273599e+002	5.76643582e-001	
2.50485696e+002	5.76049837e-001	
2.50697792e+002	5.75477442e-001	
2.50909888e+002	5.74926460e-001	
2.51121985e+002	5.74396954e-001	
2.51334081e+002	5.73888983e-001	
2.51546177e+002	5.73402603e-001	
2.51758273e+002	5.72937871e-001	
2.51970370e+002	5.72494838e-001	
2.52182466e+002	5.72073556e-001	
2.52394562e+002	5.71674071e-001	
2.52606658e+002	5.71296431e-001	
2.52818755e+002	5.70940677e-001	
2.53030851e+002	5.70606852e-001	
2.53242947e+002	5.70260822e-001	
2.53455044e+002	5.69825568e-001	
2.53667140e+002	5.69548395e-001	
2.53879236e+002	5.69429532e-001	
2.54091332e+002	5.69469081e-001	
2.54303429e+002	5.69667006e-001	
2.54515525e+002	5.70023144e-001	
2.54727621e+002	5.70537198e-001	
2.54939717e+002	5.71208742e-001	
2.55151814e+002	5.72037221e-001	
2.55363910e+002	5.73021955e-001	
2.55576006e+002	5.74162139e-001	
2.55788103e+002	5.75456850e-001	
2.56000199e+002	5.76905047e-001	
2.56212295e+002	5.77667100e-001	
2.56424391e+002	5.76280038e-001	
2.56636488e+002	5.74976916e-001	
2.56848584e+002	5.73758305e-001	
2.57060680e+002	5.72624744e-001	
2.57272776e+002	5.71576740e-001	
2.57484873e+002	5.70614763e-001	
2.57696969e+002	5.69739250e-001	
2.57909065e+002	5.68950600e-001	
2.58121161e+002	5.68249175e-001	
2.58333258e+002	5.67635297e-001	
2.58545354e+002	5.67109252e-001	
2.58757450e+002	5.66671283e-001	
2.58969547e+002	5.66321595e-001	
2.59181643e+002	5.66239470e-001	
2.59393739e+002	5.66524044e-001	
2.59605835e+002	5.66892289e-001	
2.59817932e+002	5.67344043e-001	
2.60030028e+002	5.67879106e-001	
2.60242124e+002	5.68497245e-001	
2.60454220e+002	5.69198187e-001	
2.60666317e+002	5.69981627e-001	
2.60878413e+002	5.70847226e-001	
2.61090509e+002	5.71794610e-001	
2.61302606e+002	5.72823374e-001	
2.61514702e+002	5.73933081e-001	
2.61726798e+002	5.75123261e-001	
2.61938894e+002	5.76393416e-001	
2.62150991e+002	5.76144616e-001	
2.62363087e+002	5.74480356e-001	
2.62575183e+002	5.72976005e-001	
2.62787279e+002	5.71632826e-001	
2.62999376e+002	5.70451957e-001	
2.63211472e+002	5.69434407e-001	
2.63423568e+002	5.68581054e-001	
2.63635665e+002	5.67892638e-001	
2.63847761e+002	5.67369759e-001	
2.64059857e+002	5.67012875e-001	
2.64271953e+002	5.66822299e-001	
2.64484050e+002	5.66798201e-001	
2.64696146e+002	5.66940599e-001	
2.64908242e+002	5.67249370e-001	
2.65120338e+002	5.67628247e-001	
2.65332435e+002	5.67997558e-001	
2.65544531e+002	5.68387642e-001	
2.65756627e+002	5.68798457e-001	
2.65968723e+002	5.69229956e-001	
2.66180820e+002	5.69682095e-001	
2.66392916e+002	5.70154823e-001	
2.66605012e+002	5.70648089e-001	
2.66817109e+002	5.71161840e-001	
2.67029205e+002	5.71696021e-001	
2.67241301e+002	5.72250575e-001	
2.67453397e+002	5.72825442e-001	
2.67665494e+002	5.73420561e-001	
2.67877590e+002	5.74035870e-001	
2.68089686e+002	5.73789883e-001	
2.68301782e+002	5.73291049e-001	
2.68513879e+002	5.72848987e-001	
2.68725975e+002	5.72463828e-001	
2.68938071e+002	5.72135688e-001	
2.69150168e+002	5.71864664e-001	
2.69362264e+002	5.71650838e-001	
2.69574360e+002	5.71494273e-001	
2.69786456e+002	5.71395018e-001	
2.69998553e+002	5.71353102e-001	
2.70210649e+002	5.71368537e-001	
2.70422745e+002	5.71441319e-001	
2.70634841e+002	5.71571426e-001	
2.70846938e+002	5.71758819e-001	
2.71059034e+002	5.71607676e-001	
2.71271130e+002	5.71447774e-001	
2.71483227e+002	5.71342826e-001	
2.71695323e+002	5.71292864e-001	
2.71907419e+002	5.71297901e-001	
2.72119515e+002	5.71357937e-001	
2.72331612e+002	5.71472954e-001	
2.72543708e+002	5.71642918e-001	
2.72755804e+002	5.71867781e-001	
2.72967900e+002	5.72147478e-001	
2.73179997e+002	5.72481928e-001	
2.73392093e+002	5.72871037e-001	
2.73604189e+002	5.73314692e-001	
2.73816286e+002	5.73812766e-001	
2.74028382e+002	5.73258871e-001	
2.74240478e+002	5.72738080e-001	
2.74452574e+002	5.72274109e-001	
2.74664671e+002	5.71867098e-001	
2.74876767e+002	5.71517166e-001	
2.75088863e+002	5.71224421e-001	
2.75300959e+002	5.70988948e-001	
2.75513056e+002	5.70810820e-001	
2.75725152e+002	5.70690090e-001	
2.75937248e+002	5.70626795e-001	
2.76149344e+002	5.70620953e-001	
2.76361441e+002	5.70672566e-001	
2.76573537e+002	5.70781619e-001	
2.76785633e+002	5.70904827e-001	
2.76997730e+002	5.70682389e-001	
2.77209826e+002	5.70514820e-001	
2.77421922e+002	5.70402169e-001	
2.77634018e+002	5.70344468e-001	
2.77846115e+002	5.70341735e-001	
2.78058211e+002	5.70393969e-001	
2.78270307e+002	5.70501156e-001	
2.78482403e+002	5.70663264e-001	
2.78694500e+002	5.70880247e-001	
2.78906596e+002	5.71152043e-001	
2.79118692e+002	5.71478573e-001	
2.79330789e+002	5.71859743e-001	
2.79542885e+002	5.72295445e-001	
2.79754981e+002	5.72527971e-001	
2.79967077e+002	5.71855716e-001	
2.80179174e+002	5.71204626e-001	
2.80391270e+002	5.70574776e-001	
2.80603366e+002	5.69966236e-001	
2.80815462e+002	5.69379073e-001	
2.81027559e+002	5.68813354e-001	
2.81239655e+002	5.68269143e-001	
2.81451751e+002	5.67746503e-001	
2.81663848e+002	5.67245491e-001	
2.81875944e+002	5.66766167e-001	
2.82088040e+002	5.66308585e-001	
2.82300136e+002	5.65872797e-001	
2.82512233e+002	5.65458854e-001	
2.82724329e+002	5.65040587e-001	
2.82936425e+002	5.64685113e-001	
2.83148521e+002	5.64491765e-001	
2.83360618e+002	5.64460711e-001	
2.83572714e+002	5.64591977e-001	
2.83784810e+002	5.64885450e-001	
2.83996907e+002	5.65340877e-001	
2.84209003e+002	5.65957867e-001	
2.84421099e+002	5.66735892e-001	
2.84633195e+002	5.67674292e-001	
2.84845292e+002	5.68772271e-001	
2.85057388e+002	5.70028907e-001	
2.85269484e+002	5.71443154e-001	
2.85481580e+002	5.73013845e-001	
2.85693677e+002	5.73283611e-001	
2.85905773e+002	5.71886279e-001	
2.86117869e+002	5.70572454e-001	
2.86329965e+002	5.69342712e-001	
2.86542062e+002	5.68197601e-001	
2.86754158e+002	5.67137632e-001	
2.86966254e+002	5.66163284e-001	
2.87178351e+002	5.65275000e-001	
2.87390447e+002	5.64473186e-001	
2.87602543e+002	5.63758211e-001	
2.87814639e+002	5.63130406e-001	
2.88026736e+002	5.62590062e-001	
2.88238832e+002	5.62137432e-001	
2.88450928e+002	5.61772728e-001	
2.88663024e+002	5.61805778e-001	
2.88875121e+002	5.62159202e-001	
2.89087217e+002	5.62598196e-001	
2.89299313e+002	5.63122562e-001	
2.89511410e+002	5.63732060e-001	
2.89723506e+002	5.64426414e-001	
2.89935602e+002	5.65205313e-001	
2.90147698e+002	5.66068407e-001	
2.90359795e+002	5.67015312e-001	
2.90571891e+002	5.68045608e-001	
2.90783987e+002	5.69158842e-001	
2.90996083e+002	5.70354530e-001	
2.91208180e+002	5.71632153e-001	
2.91420276e+002	5.72991164e-001	
2.91632372e+002	5.72211408e-001	
2.91844469e+002	5.70569250e-001	
2.92056565e+002	5.69087017e-001	
2.92268661e+002	5.67765962e-001	
2.92480757e+002	5.66607211e-001	
2.92692854e+002	5.65611763e-001	
2.92904950e+002	5.64780481e-001	
2.93117046e+002	5.64114090e-001	
2.93329142e+002	5.63613176e-001	
2.93541239e+002	5.63278180e-001	
2.93753335e+002	5.63109398e-001	
2.93965431e+002	5.63106979e-001	
2.94177528e+002	5.63270926e-001	
2.94389624e+002	5.63601094e-001	
2.94601720e+002	5.64007267e-001	
2.94813816e+002	5.64426938e-001	
2.95025913e+002	5.64867697e-001	
2.95238009e+002	5.65329496e-001	
2.95450105e+002	5.65812283e-001	
2.95662201e+002	5.66316004e-001	
2.95874298e+002	5.66840603e-001	
2.96086394e+002	5.67386022e-001	
2.96298490e+002	5.67952202e-001	
2.96510586e+002	5.68539081e-001	
2.96722683e+002	5.69146593e-001	
2.96934779e+002	5.69774674e-001	
2.97146875e+002	5.70423256e-001	
2.97358972e+002	5.71092268e-001	
2.97571068e+002	5.70635839e-001	
2.97783164e+002	5.70139264e-001	
2.97995260e+002	5.69698812e-001	
2.98207357e+002	5.69314613e-001	
2.98419453e+002	5.68986782e-001	
2.98631549e+002	5.68715417e-001	
2.98843645e+002	5.68500596e-001	
2.99055742e+002	5.68342386e-001	
2.99267838e+002	5.68240833e-001	
2.99479934e+002	5.68195968e-001	
2.99692031e+002	5.68207803e-001	
2.99904127e+002	5.68276336e-001	
3.00116223e+002	5.68401546e-001	
3.00328319e+002	5.68566657e-001	
3.00540416e+002	5.68403052e-001	
3.00752512e+002	5.68295371e-001	
3.00964608e+002	5.68243648e-001	
3.01176704e+002	5.68247896e-001	
3.01388801e+002	5.68308115e-001	
3.01600897e+002	5.68424287e-001	
3.01812993e+002	5.68596378e-001	
3.02025090e+002	5.68824336e-001	
3.02237186e+002	5.69108096e-001	
3.02449282e+002	5.69447573e-001	
3.02661378e+002	5.69842667e-001	
3.02873475e+002	5.70293264e-001	
3.03085571e+002	5.70799231e-001	
3.03297667e+002	5.71170891e-001	
3.03509763e+002	5.70601010e-001	
3.03721860e+002	5.70087125e-001	
3.03933956e+002	5.69629387e-001	
3.04146052e+002	5.69227932e-001	
3.04358148e+002	5.68882880e-001	
3.04570245e+002	5.68594332e-001	
3.04782341e+002	5.68362375e-001	
3.04994437e+002	5.68187079e-001	
3.05206534e+002	5.68068495e-001	
3.05418630e+002	5.68006659e-001	
3.05630726e+002	5.68001590e-001	
3.05842822e+002	5.68053289e-001	
3.06054919e+002	5.68161740e-001	
3.06267015e+002	5.68216836e-001	
3.06479111e+002	5.68041871e-001	
3.06691207e+002	5.67922767e-001	
3.06903304e+002	5.67859559e-001	
3.07115400e+002	5.67852267e-001	
3.07327496e+002	5.67900893e-001	
3.07539593e+002	5.68005421e-001	
3.07751689e+002	5.68165822e-001	
3.07963785e+002	5.68382048e-001	
3.08175881e+002	5.68654035e-001	
3.08387978e+002	5.68981703e-001	
3.08600074e+002	5.69364956e-001	
3.08812170e+002	5.69803683e-001	
3.09024266e+002	5.70297754e-001	
3.09236363e+002	5.70346775e-001	
3.09448459e+002	5.69663397e-001	
3.09660555e+002	5.69000846e-001	
3.09872652e+002	5.68359194e-001	
3.10084748e+002	5.67738513e-001	
3.10296844e+002	5.67138871e-001	
3.10508940e+002	5.66560334e-001	
3.10721037e+002	5.66002968e-001	
3.10933133e+002	5.65466836e-001	
3.11145229e+002	5.64951997e-001	
3.11357325e+002	5.64458510e-001	
3.11569422e+002	5.63986430e-001	
3.11781518e+002	5.63535813e-001	
3.11993614e+002	5.63106709e-001	
3.12205711e+002	5.62692876e-001	
3.12417807e+002	5.62403262e-001	
3.12629903e+002	5.62278901e-001	
3.12841999e+002	5.62319901e-001	
3.13054096e+002	5.62526227e-001	
3.13266192e+002	5.62897697e-001	
3.13478288e+002	5.63433984e-001	
3.13690384e+002	5.64134618e-001	
3.13902481e+002	5.64998989e-001	
3.14114577e+002	5.66026344e-001	
3.14326673e+002	5.67215800e-001	
3.14538769e+002	5.68566339e-001	
3.14750866e+002	5.70076815e-001	
3.14962962e+002	5.71745962e-001	
3.15175058e+002	5.71285552e-001	
3.15387155e+002	5.69651068e-001	
3.15599251e+002	5.68175866e-001	
3.15811347e+002	5.66861189e-001	
3.16023443e+002	5.65708155e-001	
3.16235540e+002	5.64717755e-001	
3.16447636e+002	5.63890847e-001	
3.16659732e+002	5.63228149e-001	
3.16871828e+002	5.62730243e-001	
3.17083925e+002	5.62397565e-001	
3.17296021e+002	5.62230410e-001	
3.17508117e+002	5.62228924e-001	
3.17720214e+002	5.62393110e-001	
3.17932310e+002	5.62722821e-001	
3.18144406e+002	5.63142036e-001	
3.18356502e+002	5.63575455e-001	
3.18568599e+002	5.64030321e-001	
3.18780695e+002	5.64506583e-001	
3.18992791e+002	5.65004186e-001	
3.19204887e+002	5.65523075e-001	
3.19416984e+002	5.66063190e-001	
3.19629080e+002	5.66624471e-001	
3.19841176e+002	5.67206855e-001	
3.20053273e+002	5.67810277e-001	
3.20265369e+002	5.68434670e-001	
3.20477465e+002	5.69079966e-001	
3.20689561e+002	5.69746092e-001	
3.20901658e+002	5.70432977e-001	
3.21113754e+002	5.70057950e-001	
3.21325850e+002	5.69571461e-001	
3.21537946e+002	5.69140488e-001	
3.21750043e+002	5.68765159e-001	
3.21962139e+002	5.68445584e-001	
3.22174235e+002	5.68181857e-001	
3.22386332e+002	5.67974055e-001	
3.22598428e+002	5.67822240e-001	
3.22810524e+002	5.67726457e-001	
3.23022620e+002	5.67686734e-001	
3.23234717e+002	5.67703083e-001	
3.23446813e+002	5.67775500e-001	
3.23658909e+002	5.67903962e-001	
3.23871005e+002	5.68088431e-001	
3.24083102e+002	5.67943042e-001	
3.24295198e+002	5.67848808e-001	
3.24507294e+002	5.67811196e-001	
3.24719390e+002	5.67830217e-001	
3.24931487e+002	5.67905865e-001	
3.25143583e+002	5.68038117e-001	
3.25355679e+002	5.68226934e-001	
3.25567776e+002	5.68472260e-001	
3.25779872e+002	5.68774021e-001	
3.25991968e+002	5.69132128e-001	
3.26204064e+002	5.69546475e-001	
3.26416161e+002	5.70016938e-001	
3.26628257e+002	5.70543379e-001	
3.26840353e+002	5.71000849e-001	
3.27052449e+002	5.70440547e-001	
3.27264546e+002	5.69935606e-001	
3.27476642e+002	5.69486174e-001	
3.27688738e+002	5.69092381e-001	
3.27900835e+002	5.68754344e-001	
3.28112931e+002	5.68472163e-001	
3.28325027e+002	5.68245919e-001	
3.28537123e+002	5.68075680e-001	
3.28749220e+002	5.67961497e-001	
3.28961316e+002	5.67903403e-001	
3.29173412e+002	5.67901415e-001	
3.29385508e+002	5.67955534e-001	
3.29597605e+002	5.68065744e-001	
3.29809701e+002	5.68153683e-001	
3.30021797e+002	5.68023916e-001	
3.30233894e+002	5.67950891e-001	
3.30445990e+002	5.67934631e-001	
3.30658086e+002	5.67975141e-001	
3.30870182e+002	5.68072408e-001	
3.31082279e+002	5.68226404e-001	
3.31294375e+002	5.68437082e-001	
3.31506471e+002	5.68704379e-001	
3.31718567e+002	5.69028215e-001	
3.31930664e+002	5.69408495e-001	
3.32142760e+002	5.69845104e-001	
3.32354856e+002	5.70337914e-001	
3.32566953e+002	5.70886779e-001	
3.32779049e+002	5.71083134e-001	
3.32991145e+002	5.70543027e-001	
3.33203241e+002	5.70058156e-001	
3.33415338e+002	5.69628660e-001	
3.33627434e+002	5.69254667e-001	
3.33839530e+002	5.68936284e-001	
3.34051626e+002	5.68673606e-001	
3.34263723e+002	5.68466710e-001	
3.34475819e+002	5.68315656e-001	
3.34687915e+002	5.68220489e-001	
3.34900011e+002	5.68181238e-001	
3.35112108e+002	5.68197914e-001	
3.35324204e+002	5.68270511e-001	
3.35536300e+002	5.68399010e-001	
3.35748397e+002	5.68419630e-001	
3.35960493e+002	5.68303320e-001	
3.36172589e+002	5.68243897e-001	
3.36384685e+002	5.68241377e-001	
3.36596782e+002	5.68295762e-001	
3.36808878e+002	5.68407036e-001	
3.37020974e+002	5.68575164e-001	
3.37233070e+002	5.68800097e-001	
3.37445167e+002	5.69081767e-001	
3.37657263e+002	5.69420090e-001	
3.37869359e+002	5.69814965e-001	
3.38081456e+002	5.70266274e-001	
3.38293552e+002	5.70773885e-001	
3.38505648e+002	5.71337646e-001	
3.38717744e+002	5.71268555e-001	
3.38929841e+002	5.70748420e-001	
3.39141937e+002	5.70283432e-001	
3.39354033e+002	5.69873728e-001	
3.39566129e+002	5.69519426e-001	
3.39778226e+002	5.69220630e-001	
3.39990322e+002	5.68977428e-001	
3.40202418e+002	5.68789891e-001	
3.40414515e+002	5.68658073e-001	
3.40626611e+002	5.68582014e-001	
3.40838707e+002	5.68561736e-001	
3.41050803e+002	5.68597245e-001	
3.41262900e+002	5.68688531e-001	
3.41474996e+002	5.68835566e-001	
3.41687092e+002	5.68785806e-001	
3.41899188e+002	5.68681752e-001	
3.42111285e+002	5.68634737e-001	
3.42323381e+002	5.68644774e-001	
3.42535477e+002	5.68711861e-001	
3.42747574e+002	5.68835977e-001	
3.42959670e+002	5.69017084e-001	
3.43171766e+002	5.69255129e-001	
3.43383862e+002	5.69550040e-001	
3.43595959e+002	5.69901729e-001	
3.43808055e+002	5.70310091e-001	
3.44020151e+002	5.70775004e-001	
3.44232247e+002	5.71296329e-001	
3.44444344e+002	5.71873914e-001	
3.44656440e+002	5.71543606e-001	
3.44868536e+002	5.71045835e-001	
3.45080632e+002	5.70603087e-001	
3.45292729e+002	5.70215491e-001	
3.45504825e+002	5.69883158e-001	
3.45716921e+002	5.69606185e-001	
3.45929018e+002	5.69384654e-001	
3.46141114e+002	5.69218628e-001	
3.46353210e+002	5.69108157e-001	
3.46565306e+002	5.69053273e-001	
3.46777403e+002	5.69053991e-001	
3.46989499e+002	5.69110313e-001	
3.47201595e+002	5.69222220e-001	
3.47413691e+002	5.69389681e-001	
3.47625788e+002	5.69264780e-001	
3.47837884e+002	5.69170984e-001	
3.48049980e+002	5.69134340e-001	
3.48262077e+002	5.69154857e-001	
3.48474173e+002	5.69232531e-001	
3.48686269e+002	5.69367336e-001	
3.48898365e+002	5.69559234e-001	
3.49110462e+002	5.69808166e-001	
3.49322558e+002	5.70114058e-001	
3.49534654e+002	5.70476817e-001	
3.49746750e+002	5.70896336e-001	
3.49958847e+002	5.71372490e-001	
3.50170943e+002	5.71905136e-001	
3.50383039e+002	5.72437128e-001	
3.50595136e+002	5.71909146e-001	
3.50807232e+002	5.71435904e-001	
3.51019328e+002	5.71017537e-001	
3.51231424e+002	5.70654168e-001	
3.51443521e+002	5.70345900e-001	
3.51655617e+002	5.70092823e-001	
3.51867713e+002	5.69895012e-001	
3.52079809e+002	5.69752522e-001	
3.52291906e+002	5.69665396e-001	
3.52504002e+002	5.69633660e-001	
3.52716098e+002	5.69657322e-001	
3.52928194e+002	5.69736375e-001	
3.53140291e+002	5.69870797e-001	
3.53352387e+002	5.69995944e-001	
3.53564483e+002	5.69854499e-001	
3.53776580e+002	5.69770326e-001	
3.53988676e+002	5.69743452e-001	
3.54200772e+002	5.69773884e-001	
3.54412868e+002	5.69861614e-001	
3.54624965e+002	5.70006614e-001	
3.54837061e+002	5.70208841e-001	
3.55049157e+002	5.70468234e-001	
3.55261253e+002	5.70784716e-001	
3.55473350e+002	5.71158191e-001	
3.55685446e+002	5.71588548e-001	
3.55897542e+002	5.72075658e-001	
3.56109639e+002	5.72619377e-001	
3.56321735e+002	5.72891162e-001	
3.56533831e+002	5.72393174e-001	
3.56745927e+002	5.71949828e-001	
3.56958024e+002	5.71561251e-001	
3.57170120e+002	5.71227555e-001	
3.57382216e+002	5.70948835e-001	
3.57594312e+002	5.70725174e-001	
3.57806409e+002	5.70556634e-001	
3.58018505e+002	5.70443266e-001	
3.58230601e+002	5.70385102e-001	
3.58442698e+002	5.70382159e-001	
3.58654794e+002	5.70434437e-001	
3.58866890e+002	5.70541922e-001	
3.59078986e+002	5.70704583e-001	
3.59291083e+002	5.70744906e-001	
3.59503179e+002	5.70578640e-001	
3.59715275e+002	5.70469586e-001	
3.59927371e+002	5.70417779e-001	
3.60139468e+002	5.70423232e-001	
3.60351564e+002	5.70485945e-001	
3.60563660e+002	5.70605899e-001	
3.60775757e+002	5.70783058e-001	
3.60987853e+002	5.71017367e-001	
3.61199949e+002	5.71308758e-001	
3.61412045e+002	5.71657143e-001	
3.61624142e+002	5.72062417e-001	
3.61836238e+002	5.72524460e-001	
3.62048334e+002	5.73043134e-001	
3.62260430e+002	5.72978184e-001	
3.62472527e+002	5.72353262e-001	
3.62684623e+002	5.71748662e-001	
3.62896719e+002	5.71164449e-001	
3.63108815e+002	5.70600685e-001	
3.63320912e+002	5.70057431e-001	
3.63533008e+002	5.69534745e-001	
3.63745104e+002	5.69032685e-001	
3.63957201e+002	5.68551304e-001	
3.64169297e+002	5.68090657e-001	
3.64381393e+002	5.67650792e-001	
3.64593489e+002	5.67231758e-001	
3.64805586e+002	5.66833602e-001	
3.65017682e+002	5.66456367e-001	
3.65229778e+002	5.66069411e-001	
3.65441874e+002	5.65805499e-001	
3.65653971e+002	5.65708494e-001	
3.65866067e+002	5.65778481e-001	
3.66078163e+002	5.66015397e-001	
3.66290260e+002	5.66419033e-001	
3.66502356e+002	5.66989034e-001	
3.66714452e+002	5.67724898e-001	
3.66926548e+002	5.68625981e-001	
3.67138645e+002	5.69691499e-001	
3.67350741e+002	5.70920532e-001	
3.67562837e+002	5.72312026e-001	
3.67774933e+002	5.73864799e-001	
3.67987030e+002	5.75577547e-001	
3.68199126e+002	5.74787103e-001	
3.68411222e+002	5.73296587e-001	
3.68623319e+002	5.71961326e-001	
3.68835415e+002	5.70782410e-001	
3.69047511e+002	5.69760811e-001	
3.69259607e+002	5.68897374e-001	
3.69471704e+002	5.68192823e-001	
3.69683800e+002	5.67647747e-001	
3.69895896e+002	5.67262607e-001	
3.70107992e+002	5.67037728e-001	
3.70320089e+002	5.66973303e-001	
3.70532185e+002	5.67069384e-001	
3.70744281e+002	5.67325890e-001	
3.70956378e+002	5.67742605e-001	
3.71168474e+002	5.68132123e-001	
3.71380570e+002	5.68525715e-001	
3.71592666e+002	5.68941459e-001	
3.71804763e+002	5.69379306e-001	
3.72016859e+002	5.69839206e-001	
3.72228955e+002	5.70321105e-001	
3.72441051e+002	5.70824947e-001	
3.72653148e+002	5.71350675e-001	
3.72865244e+002	5.71898228e-001	
3.73077340e+002	5.72467543e-001	
3.73289436e+002	5.73058555e-001	
3.73501533e+002	5.73671198e-001	
3.73713629e+002	5.74305403e-001	
3.73925725e+002	5.74961097e-001	
3.74137822e+002	5.74528947e-001	
3.74349918e+002	5.74142815e-001	
3.74562014e+002	5.73810678e-001	
3.74774110e+002	5.73532630e-001	
3.74986207e+002	5.73308751e-001	
3.75198303e+002	5.73139102e-001	
3.75410399e+002	5.73023734e-001	
3.75622495e+002	5.72962677e-001	
3.75834592e+002	5.72955950e-001	
3.76046688e+002	5.73003555e-001	
3.76258784e+002	5.73105478e-001	
3.76470881e+002	5.73261691e-001	
3.76682977e+002	5.73472148e-001	
3.76895073e+002	5.73682144e-001	
3.77107169e+002	5.73511119e-001	
3.77319266e+002	5.73397889e-001	
3.77531362e+002	5.73342488e-001	
3.77743458e+002	5.73344933e-001	
3.77955554e+002	5.73405224e-001	
3.78167651e+002	5.73523342e-001	
3.78379747e+002	5.73699250e-001	
3.78591843e+002	5.73932897e-001	
3.78803940e+002	5.74224212e-001	
3.79016036e+002	5.74573107e-001	
3.79228132e+002	5.74979477e-001	
3.79440228e+002	5.75443200e-001	
3.79652325e+002	5.75964138e-001	
3.79864421e+002	5.76293402e-001	
3.80076517e+002	5.75841037e-001	
3.80288613e+002	5.75442572e-001	
3.80500710e+002	5.75098117e-001	
3.80712806e+002	5.74807771e-001	
3.80924902e+002	5.74571615e-001	
3.81136999e+002	5.74389716e-001	
3.81349095e+002	5.74262125e-001	
3.81561191e+002	5.74188879e-001	
3.81773287e+002	5.74169999e-001	
3.81985384e+002	5.74205489e-001	
3.82197480e+002	5.74295341e-001	
3.82409576e+002	5.74439527e-001	
3.82621672e+002	5.74638009e-001	
3.82833769e+002	5.74727072e-001	
3.83045865e+002	5.74565043e-001	
3.83257961e+002	5.74460790e-001	
3.83470057e+002	5.74414345e-001	
3.83682154e+002	5.74425721e-001	
3.83894250e+002	5.74494915e-001	
3.84106346e+002	5.74621907e-001	
3.84318443e+002	5.74806657e-001	
3.84530539e+002	5.75049111e-001	
3.84742635e+002	5.75349195e-001	
3.84954731e+002	5.75706819e-001	
3.85166828e+002	5.76121876e-001	
3.85378924e+002	5.76594242e-001	
3.85591020e+002	5.77123776e-001	
3.85803116e+002	5.77213007e-001	
3.86015213e+002	5.76785252e-001	
3.86227309e+002	5.76411281e-001	
3.86439405e+002	5.76091198e-001	
3.86651502e+002	5.75825095e-001	
3.86863598e+002	5.75613045e-001	
3.87075694e+002	5.75455108e-001	
3.87287790e+002	5.75351330e-001	
3.87499887e+002	5.75301739e-001	
3.87711983e+002	5.75306349e-001	
3.87924079e+002	5.75365159e-001	
3.88136175e+002	5.75478153e-001	
3.88348272e+002	5.75645298e-001	
3.88560368e+002	5.75866548e-001	
3.88772464e+002	5.75856229e-001	
3.88984561e+002	5.75698906e-001	
3.89196657e+002	5.75599417e-001	
3.89408753e+002	5.75557792e-001	
3.89620849e+002	5.75574044e-001	
3.89832946e+002	5.75648167e-001	
3.90045042e+002	5.75780140e-001	
3.90257138e+002	5.75969923e-001	
3.90469234e+002	5.76217459e-001	
3.90681331e+002	5.76522672e-001	
3.90893427e+002	5.76885472e-001	
3.91105523e+002	5.77305751e-001	
3.91317619e+002	5.77783381e-001	
3.91529716e+002	5.78318223e-001	
3.91741812e+002	5.78175493e-001	
3.91953908e+002	5.77774044e-001	
3.92166005e+002	5.77426220e-001	
3.92378101e+002	5.77132116e-001	
3.92590197e+002	5.76891817e-001	
3.92802293e+002	5.76705388e-001	
3.93014390e+002	5.76572882e-001	
3.93226486e+002	5.76494336e-001	
3.93438582e+002	5.76469773e-001	
3.93650678e+002	5.76499199e-001	
3.93862775e+002	5.76582606e-001	
3.94074871e+002	5.76719970e-001	
3.94286967e+002	5.76911253e-001	
3.94499064e+002	5.77156402e-001	
3.94711160e+002	5.77038259e-001	
3.94923256e+002	5.76885680e-001	
3.95135352e+002	5.76790975e-001	
3.95347449e+002	5.76754175e-001	
3.95559545e+002	5.76775289e-001	
3.95771641e+002	5.76854312e-001	
3.95983737e+002	5.76991219e-001	
3.96195834e+002	5.77185970e-001	
3.96407930e+002	5.77438506e-001	
3.96620026e+002	5.77748751e-001	
3.96832123e+002	5.78116612e-001	
3.97044219e+002	5.78541980e-001	
3.97256315e+002	5.79024727e-001	
3.97468411e+002	5.79564711e-001	
3.97680508e+002	5.79196077e-001	
3.97892604e+002	5.78816628e-001	
3.98104700e+002	5.78490735e-001	
3.98316796e+002	5.78218489e-001	
3.98528893e+002	5.77999964e-001	
3.98740989e+002	5.77835223e-001	
3.98953085e+002	5.77724312e-001	
3.99165182e+002	5.77667260e-001	
3.99377278e+002	5.77664085e-001	
3.99589374e+002	5.77714787e-001	
3.99801470e+002	5.77819352e-001	
4.00013567e+002	5.77977751e-001	
4.00225663e+002	5.78189939e-001	
4.00437759e+002	5.78426511e-001	
4.00649855e+002	5.78219973e-001	
4.00861952e+002	5.78071172e-001	
4.01074048e+002	5.77980154e-001	
4.01286144e+002	5.77946945e-001	
4.01498240e+002	5.77971556e-001	
4.01710337e+002	5.78053979e-001	
4.01922433e+002	5.78194190e-001	
4.02134529e+002	5.78392146e-001	
4.02346626e+002	5.78647789e-001	
4.02558722e+002	5.78961041e-001	
4.02770818e+002	5.79331810e-001	
4.02982914e+002	5.79759985e-001	
4.03195011e+002	5.80245439e-001	
4.03407107e+002	5.80612127e-001	
4.03619203e+002	5.80196472e-001	
4.03831299e+002	5.79834363e-001	
4.04043396e+002	5.79525900e-001	
4.04255492e+002	5.79271168e-001	
4.04467588e+002	5.79070239e-001	
4.04679685e+002	5.78923169e-001	
4.04891781e+002	5.78829998e-001	
4.05103877e+002	5.78790753e-001	
4.05315973e+002	5.78805445e-001	
4.05528070e+002	5.78874070e-001	
4.05740166e+002	5.78996608e-001	
4.05952262e+002	5.79173025e-001	
4.06164358e+002	5.79403272e-001	
4.06376455e+002	5.79527954e-001	
4.06588551e+002	5.79321747e-001	
4.06800647e+002	5.79172929e-001	
4.07012744e+002	5.79081543e-001	
4.07224840e+002	5.79047617e-001	
4.07436936e+002	5.79071161e-001	
4.07649032e+002	5.79152168e-001	
4.07861129e+002	5.79290614e-001	
4.08073225e+002	5.79486457e-001	
4.08285321e+002	5.79739640e-001	
4.08497417e+002	5.80050088e-001	
4.08709514e+002	5.80417708e-001	
4.08921610e+002	5.80842392e-001	
4.09133706e+002	5.81324015e-001	
4.09345803e+002	5.81455435e-001	
4.09557899e+002	5.81055023e-001	
4.09769995e+002	5.80708307e-001	
4.09982091e+002	5.80415381e-001	
4.10194188e+002	5.80176328e-001	
4.10406284e+002	5.79991213e-001	
4.10618380e+002	5.79860089e-001	
4.10830476e+002	5.79782992e-001	
4.11042573e+002	5.79759944e-001	
4.11254669e+002	5.79790951e-001	
4.11466765e+002	5.79876005e-001	
4.11678861e+002	5.80015081e-001	
4.11890958e+002	5.80208142e-001	
4.12103054e+002	5.80455132e-001	
4.12315150e+002	5.80137308e-001	
4.12527247e+002	5.79439794e-001	
4.12739343e+002	5.78953876e-001	
4.12951439e+002	5.78680088e-001	
4.13163535e+002	5.78618729e-001	
4.13375632e+002	5.78769868e-001	
4.13587728e+002	5.79133339e-001	
4.13799824e+002	5.79708742e-001	
4.14011920e+002	5.80495446e-001	
4.14224017e+002	5.81492595e-001	
4.14436113e+002	5.82699108e-001	
4.14648209e+002	5.84113687e-001	
4.14860306e+002	5.85734825e-001	
4.15072402e+002	5.87560813e-001	
4.15284498e+002	5.87058039e-001	
4.15496594e+002	5.85366700e-001	
4.15708691e+002	5.83876179e-001	
4.15920787e+002	5.82588018e-001	
4.16132883e+002	5.81503561e-001	
4.16344979e+002	5.80623950e-001	
4.16557076e+002	5.79950116e-001	
4.16769172e+002	5.79482779e-001	
4.16981268e+002	5.79222437e-001	
4.17193365e+002	5.79169369e-001	
4.17405461e+002	5.79323633e-001	
4.17617557e+002	5.79685064e-001	
4.17829653e+002	5.80253273e-001	
4.18041750e+002	5.81027654e-001	
4.18253846e+002	5.81045389e-001	
4.18465942e+002	5.80839365e-001	
4.18678038e+002	5.80689391e-001	
4.18890135e+002	5.80595509e-001	
4.19102231e+002	5.80557747e-001	
4.19314327e+002	5.80576116e-001	
4.19526424e+002	5.80650611e-001	
4.19738520e+002	5.80781209e-001	
4.19950616e+002	5.80967874e-001	
4.20162712e+002	5.81210551e-001	
4.20374809e+002	5.81509170e-001	
4.20586905e+002	5.81863645e-001	
4.20799001e+002	5.82273873e-001	
4.21011097e+002	5.82739738e-001	
4.21223194e+002	5.82393678e-001	
4.21435290e+002	5.81986514e-001	
4.21647386e+002	5.81634442e-001	
4.21859482e+002	5.81337560e-001	
4.22071579e+002	5.81095954e-001	
4.22283675e+002	5.80909692e-001	
4.22495771e+002	5.80778829e-001	
4.22707868e+002	5.80703401e-001	
4.22919964e+002	5.80683429e-001	
4.23132060e+002	5.80718921e-001	
4.23344156e+002	5.80809865e-001	
4.23556253e+002	5.80956236e-001	
4.23768349e+002	5.81157991e-001	
4.23980445e+002	5.81415071e-001	
