% Column 0: Length, mm
% Column 1: |B|, Tesla
0.00000000e+000	5.70305554e-001	
2.12096271e-001	5.70568779e-001	
4.24192541e-001	5.70851626e-001	
6.36288812e-001	5.71154066e-001	
8.48385083e-001	5.71476067e-001	
1.06048135e+000	5.71817596e-001	
1.27257762e+000	5.72178618e-001	
1.48467390e+000	5.72559098e-001	
1.69677017e+000	5.72958994e-001	
1.90886644e+000	5.73378269e-001	
2.12096271e+000	5.73816877e-001	
2.33305898e+000	5.74274776e-001	
2.54515525e+000	5.74751920e-001	
2.75725152e+000	5.75248259e-001	
2.96934779e+000	5.75624933e-001	
3.18144406e+000	5.74985264e-001	
3.39354033e+000	5.74367602e-001	
3.60563660e+000	5.73772019e-001	
3.81773287e+000	5.73198582e-001	
4.02982914e+000	5.72647358e-001	
4.24192541e+000	5.72118413e-001	
4.45402169e+000	5.71611806e-001	
4.66611796e+000	5.71127598e-001	
4.87821423e+000	5.70665846e-001	
5.09031050e+000	5.70226605e-001	
5.30240677e+000	5.69809926e-001	
5.51450304e+000	5.69415858e-001	
5.72659931e+000	5.69044450e-001	
5.93869558e+000	5.68643476e-001	
6.15079185e+000	5.68178098e-001	
6.36288812e+000	5.67868349e-001	
6.57498439e+000	5.67714484e-001	
6.78708066e+000	5.67716628e-001	
6.99917693e+000	5.67874782e-001	
7.21127320e+000	5.68188813e-001	
7.42336948e+000	5.68658465e-001	
7.63546575e+000	5.69283352e-001	
7.84756202e+000	5.70062963e-001	
8.05965829e+000	5.70996664e-001	
8.27175456e+000	5.72083702e-001	
8.48385083e+000	5.73323204e-001	
8.69594710e+000	5.74714183e-001	
8.90804337e+000	5.75149444e-001	
9.12013964e+000	5.73674066e-001	
9.33223591e+000	5.72284890e-001	
9.54433218e+000	5.70982545e-001	
9.75642845e+000	5.69767627e-001	
9.96852472e+000	5.68640696e-001	
1.01806210e+001	5.67602275e-001	
1.03927173e+001	5.66652853e-001	
1.06048135e+001	5.65792876e-001	
1.08169098e+001	5.65022753e-001	
1.10290061e+001	5.64342852e-001	
1.12411023e+001	5.63753499e-001	
1.14531986e+001	5.63254979e-001	
1.16652949e+001	5.62847532e-001	
1.18773912e+001	5.62778839e-001	
1.20894874e+001	5.63071232e-001	
1.23015837e+001	5.63445542e-001	
1.25136800e+001	5.63901606e-001	
1.27257762e+001	5.64439226e-001	
1.29378725e+001	5.65058170e-001	
1.31499688e+001	5.65758170e-001	
1.33620651e+001	5.66538925e-001	
1.35741613e+001	5.67400104e-001	
1.37862576e+001	5.68341339e-001	
1.39983539e+001	5.69362235e-001	
1.42104501e+001	5.70462362e-001	
1.44225464e+001	5.71641265e-001	
1.46346427e+001	5.72898456e-001	
1.48467390e+001	5.72529584e-001	
1.50588352e+001	5.71061821e-001	
1.52709315e+001	5.69680011e-001	
1.54830278e+001	5.68384781e-001	
1.56951240e+001	5.67176725e-001	
1.59072203e+001	5.66056399e-001	
1.61193166e+001	5.65024327e-001	
1.63314128e+001	5.64080992e-001	
1.65435091e+001	5.63226840e-001	
1.67556054e+001	5.62462278e-001	
1.69677017e+001	5.61787672e-001	
1.71797979e+001	5.61203345e-001	
1.73918942e+001	5.60709581e-001	
1.76039905e+001	5.60306618e-001	
1.78160867e+001	5.60396359e-001	
1.80281830e+001	5.60735430e-001	
1.82402793e+001	5.61157067e-001	
1.84523756e+001	5.61661084e-001	
1.86644718e+001	5.62247258e-001	
1.88765681e+001	5.62915332e-001	
1.90886644e+001	5.63665017e-001	
1.93007606e+001	5.64495987e-001	
1.95128569e+001	5.65407882e-001	
1.97249532e+001	5.66400313e-001	
1.99370494e+001	5.67472857e-001	
2.01491457e+001	5.68625060e-001	
2.03612420e+001	5.69856440e-001	
2.05733383e+001	5.71166484e-001	
2.07854345e+001	5.70124458e-001	
2.09975308e+001	5.68656604e-001	
2.12096271e+001	5.67274743e-001	
2.14217233e+001	5.65979504e-001	
2.16338196e+001	5.64771482e-001	
2.18459159e+001	5.63651238e-001	
2.20580122e+001	5.62619298e-001	
2.22701084e+001	5.61676147e-001	
2.24822047e+001	5.60822233e-001	
2.26943010e+001	5.60057965e-001	
2.29063972e+001	5.59383711e-001	
2.31184935e+001	5.58799795e-001	
2.33305898e+001	5.58306501e-001	
2.35426861e+001	5.57904071e-001	
2.37547823e+001	5.58174891e-001	
2.39668786e+001	5.58563510e-001	
2.41789749e+001	5.59035295e-001	
2.43910711e+001	5.59590036e-001	
2.46031674e+001	5.60227485e-001	
2.48152637e+001	5.60947361e-001	
2.50273599e+001	5.61749347e-001	
2.52394562e+001	5.62633092e-001	
2.54515525e+001	5.63598211e-001	
2.56636488e+001	5.64644287e-001	
2.58757450e+001	5.65770871e-001	
2.60878413e+001	5.66977483e-001	
2.62999376e+001	5.68263614e-001	
2.65120338e+001	5.69441482e-001	
2.67241301e+001	5.67892619e-001	
2.69362264e+001	5.66429074e-001	
2.71483227e+001	5.65051511e-001	
2.73604189e+001	5.63760559e-001	
2.75725152e+001	5.62556814e-001	
2.77846115e+001	5.61440838e-001	
2.79967077e+001	5.60413155e-001	
2.82088040e+001	5.59474252e-001	
2.84209003e+001	5.58624576e-001	
2.86329965e+001	5.57864535e-001	
2.88450928e+001	5.57194495e-001	
2.90571891e+001	5.56614783e-001	
2.92692854e+001	5.56125679e-001	
2.94813816e+001	5.55847287e-001	
2.96934779e+001	5.56199741e-001	
2.99055742e+001	5.56636063e-001	
3.01176704e+001	5.57156057e-001	
3.03297667e+001	5.57759487e-001	
3.05418630e+001	5.58446084e-001	
3.07539593e+001	5.59215541e-001	
3.09660555e+001	5.60067517e-001	
3.11781518e+001	5.61001635e-001	
3.13902481e+001	5.62017487e-001	
3.16023443e+001	5.63114630e-001	
3.18144406e+001	5.64292589e-001	
3.20265369e+001	5.65550860e-001	
3.22386332e+001	5.66888908e-001	
3.24507294e+001	5.67397895e-001	
3.26628257e+001	5.65856175e-001	
3.28749220e+001	5.64399727e-001	
3.30870182e+001	5.63029213e-001	
3.32991145e+001	5.61745260e-001	
3.35112108e+001	5.60548465e-001	
3.37233070e+001	5.59439387e-001	
3.39354033e+001	5.58418548e-001	
3.41474996e+001	5.57486433e-001	
3.43595959e+001	5.56643487e-001	
3.45716921e+001	5.55890117e-001	
3.47837884e+001	5.55226687e-001	
3.49958847e+001	5.54653519e-001	
3.52079809e+001	5.54170895e-001	
3.54200772e+001	5.54071207e-001	
3.56321735e+001	5.54466906e-001	
3.58442698e+001	5.54946958e-001	
3.60563660e+001	5.55511146e-001	
3.62684623e+001	5.56159212e-001	
3.64805586e+001	5.56890864e-001	
3.66926548e+001	5.57705773e-001	
3.69047511e+001	5.58603575e-001	
3.71168474e+001	5.59583871e-001	
3.73289436e+001	5.60646227e-001	
3.75410399e+001	5.61790179e-001	
3.77531362e+001	5.63015230e-001	
3.79652325e+001	5.64320850e-001	
3.81773287e+001	5.65706482e-001	
3.83894250e+001	5.65520586e-001	
3.86015213e+001	5.63981513e-001	
3.88136175e+001	5.62527679e-001	
3.90257138e+001	5.61159745e-001	
3.92378101e+001	5.59878342e-001	
3.94499064e+001	5.58684064e-001	
3.96620026e+001	5.57577472e-001	
3.98740989e+001	5.56559088e-001	
4.00861952e+001	5.55629399e-001	
4.02982914e+001	5.54788848e-001	
4.05103877e+001	5.54037844e-001	
4.07224840e+001	5.53376748e-001	
4.09345803e+001	5.52805886e-001	
4.11466765e+001	5.52325535e-001	
4.13587728e+001	5.52422300e-001	
4.15708691e+001	5.52863743e-001	
4.17829653e+001	5.53389954e-001	
4.19950616e+001	5.54000690e-001	
4.22071579e+001	5.54695673e-001	
4.24192541e+001	5.55474587e-001	
4.26313504e+001	5.56337078e-001	
4.28434467e+001	5.57282759e-001	
4.30555430e+001	5.58311208e-001	
4.32676392e+001	5.59421967e-001	
4.34797355e+001	5.60614547e-001	
4.36918318e+001	5.61888428e-001	
4.39039280e+001	5.63243057e-001	
4.41160243e+001	5.64677854e-001	
4.43281206e+001	5.63779737e-001	
4.45402169e+001	5.62248325e-001	
4.47523131e+001	5.60802076e-001	
4.49644094e+001	5.59441652e-001	
4.51765057e+001	5.58167680e-001	
4.53886019e+001	5.56980753e-001	
4.56006982e+001	5.55881429e-001	
4.58127945e+001	5.54870229e-001	
4.60248907e+001	5.53947635e-001	
4.62369870e+001	5.53114090e-001	
4.64490833e+001	5.52369999e-001	
4.66611796e+001	5.51715722e-001	
4.68732758e+001	5.51151579e-001	
4.70853721e+001	5.50677848e-001	
4.72974684e+001	5.50990083e-001	
4.75095646e+001	5.51474890e-001	
4.77216609e+001	5.52044838e-001	
4.79337572e+001	5.52699664e-001	
4.81458535e+001	5.53439066e-001	
4.83579497e+001	5.54262706e-001	
4.85700460e+001	5.55170209e-001	
4.87821423e+001	5.56161164e-001	
4.89942385e+001	5.57235126e-001	
4.92063348e+001	5.58391617e-001	
4.94184311e+001	5.59630124e-001	
4.96305274e+001	5.60950104e-001	
4.98426236e+001	5.62350984e-001	
5.00547199e+001	5.63810150e-001	
5.02668162e+001	5.62203426e-001	
5.04789124e+001	5.60681093e-001	
5.06910087e+001	5.59243842e-001	
5.09031050e+001	5.57892329e-001	
5.11152012e+001	5.56627179e-001	
5.13272975e+001	5.55448983e-001	
5.15393938e+001	5.54358294e-001	
5.17514901e+001	5.53355630e-001	
5.19635863e+001	5.52441470e-001	
5.21756826e+001	5.51616255e-001	
5.23877789e+001	5.50880384e-001	
5.25998751e+001	5.50234216e-001	
5.28119714e+001	5.49678067e-001	
5.30240677e+001	5.49314473e-001	
5.32361640e+001	5.49754590e-001	
5.34482602e+001	5.50280423e-001	
5.36603565e+001	5.50891725e-001	
5.38724528e+001	5.51588213e-001	
5.40845490e+001	5.52369564e-001	
5.42966453e+001	5.53235419e-001	
5.45087416e+001	5.54185382e-001	
5.47208378e+001	5.55219020e-001	
5.49329341e+001	5.56335868e-001	
5.51450304e+001	5.57535426e-001	
5.53571267e+001	5.58817160e-001	
5.55692229e+001	5.60180507e-001	
5.57813192e+001	5.61624872e-001	
5.59934155e+001	5.62370927e-001	
5.62055117e+001	5.60774219e-001	
5.64176080e+001	5.59261823e-001	
5.66297043e+001	5.57834424e-001	
5.68418006e+001	5.56492677e-001	
5.70538968e+001	5.55237202e-001	
5.72659931e+001	5.54068585e-001	
5.74780894e+001	5.52987378e-001	
5.76901856e+001	5.51994094e-001	
5.79022819e+001	5.51089208e-001	
5.81143782e+001	5.50273157e-001	
5.83264745e+001	5.49546336e-001	
5.85385707e+001	5.48909100e-001	
5.87506670e+001	5.48361761e-001	
5.89627633e+001	5.48211196e-001	
5.91748595e+001	5.48690595e-001	
5.93869558e+001	5.49256005e-001	
5.95990521e+001	5.49907161e-001	
5.98111483e+001	5.50643759e-001	
6.00232446e+001	5.51465457e-001	
6.02353409e+001	5.52371873e-001	
6.04474372e+001	5.53362593e-001	
6.06595334e+001	5.54437165e-001	
6.08716297e+001	5.55595101e-001	
6.10837260e+001	5.56835882e-001	
6.12958222e+001	5.58158955e-001	
6.15079185e+001	5.59563737e-001	
6.17200148e+001	5.61049613e-001	
6.19321111e+001	5.61067075e-001	
6.21442073e+001	5.59483710e-001	
6.23563036e+001	5.57984580e-001	
6.25683999e+001	5.56570362e-001	
6.27804961e+001	5.55241708e-001	
6.29925924e+001	5.53999232e-001	
6.32046887e+001	5.52843515e-001	
6.34167849e+001	5.51775103e-001	
6.36288812e+001	5.50794503e-001	
6.38409775e+001	5.49902185e-001	
6.40530738e+001	5.49098580e-001	
6.42651700e+001	5.48384078e-001	
6.44772663e+001	5.47759027e-001	
6.46893626e+001	5.47223734e-001	
6.49014588e+001	5.47299699e-001	
6.51135551e+001	5.47814439e-001	
6.53256514e+001	5.48415478e-001	
6.55377477e+001	5.49102533e-001	
6.57498439e+001	5.49875283e-001	
6.59619402e+001	5.50733365e-001	
6.61740365e+001	5.51676383e-001	
6.63861327e+001	5.52703901e-001	
6.65982290e+001	5.53815449e-001	
6.68103253e+001	5.55010521e-001	
6.70224216e+001	5.56288581e-001	
6.72345178e+001	5.57649057e-001	
6.74466141e+001	5.59091347e-001	
6.76587104e+001	5.60614821e-001	
6.78708066e+001	5.59887026e-001	
6.80829029e+001	5.58314161e-001	
6.82949992e+001	5.56825532e-001	
6.85070954e+001	5.55421819e-001	
6.87191917e+001	5.54103665e-001	
6.89312880e+001	5.52871683e-001	
6.91433843e+001	5.51726450e-001	
6.93554805e+001	5.50668508e-001	
6.95675768e+001	5.49698360e-001	
6.97796731e+001	5.48816472e-001	
6.99917693e+001	5.48023270e-001	
7.02038656e+001	5.47319139e-001	
7.04159619e+001	5.46704425e-001	
7.06280582e+001	5.46179428e-001	
7.08401544e+001	5.46496874e-001	
7.10522507e+001	5.47052103e-001	
7.12643470e+001	5.47694116e-001	
7.14764432e+001	5.48422609e-001	
7.16885395e+001	5.49237237e-001	
7.19006358e+001	5.50137618e-001	
7.21127320e+001	5.51123331e-001	
7.23248283e+001	5.52193920e-001	
7.25369246e+001	5.53348892e-001	
7.27490209e+001	5.54587720e-001	
7.29611171e+001	5.55909843e-001	
7.31732134e+001	5.57314669e-001	
7.33853097e+001	5.58801572e-001	
7.35974059e+001	5.60369901e-001	
7.38095022e+001	5.58561668e-001	
7.40215985e+001	5.56737187e-001	
7.42336948e+001	5.55076677e-001	
7.44457910e+001	5.53581612e-001	
7.46578873e+001	5.52253335e-001	
7.48699836e+001	5.51093054e-001	
7.50820798e+001	5.50101831e-001	
7.52941761e+001	5.49280582e-001	
7.55062724e+001	5.48630069e-001	
7.57183687e+001	5.48150900e-001	
7.59304649e+001	5.47843526e-001	
7.61425612e+001	5.47708235e-001	
7.63546575e+001	5.47745155e-001	
7.65667537e+001	5.47971120e-001	
7.67788500e+001	5.48514221e-001	
7.69909463e+001	5.49077874e-001	
7.72030425e+001	5.49662016e-001	
7.74151388e+001	5.50266582e-001	
7.76272351e+001	5.50891505e-001	
7.78393314e+001	5.51536715e-001	
7.80514276e+001	5.52202141e-001	
7.82635239e+001	5.52887711e-001	
7.84756202e+001	5.53593349e-001	
7.86877164e+001	5.54318979e-001	
7.88998127e+001	5.55064522e-001	
7.91119090e+001	5.55829898e-001	
7.93240053e+001	5.56615026e-001	
7.95361015e+001	5.57110833e-001	
7.97481978e+001	5.56287665e-001	
7.99602941e+001	5.55484799e-001	
8.01723903e+001	5.54702323e-001	
8.03844866e+001	5.53940323e-001	
8.05965829e+001	5.53198884e-001	
8.08086791e+001	5.52478089e-001	
8.10207754e+001	5.51778018e-001	
8.12328717e+001	5.51098751e-001	
8.14449680e+001	5.50440364e-001	
8.16570642e+001	5.49802933e-001	
8.18691605e+001	5.49186531e-001	
8.20812568e+001	5.48591228e-001	
8.22933530e+001	5.48017093e-001	
8.25054493e+001	5.47543201e-001	
8.27175456e+001	5.47366584e-001	
8.29296419e+001	5.47359087e-001	
8.31417381e+001	5.47520716e-001	
8.33538344e+001	5.47851321e-001	
8.35659307e+001	5.48350596e-001	
8.37780269e+001	5.49018081e-001	
8.39901232e+001	5.49853165e-001	
8.42022195e+001	5.50855084e-001	
8.44143158e+001	5.52022930e-001	
8.46264120e+001	5.53355653e-001	
8.48385083e+001	5.54852064e-001	
8.50506046e+001	5.56510843e-001	
8.52627008e+001	5.58330543e-001	
8.54747971e+001	5.58744286e-001	
8.56868934e+001	5.57132871e-001	
8.58989896e+001	5.55604942e-001	
8.61110859e+001	5.54161190e-001	
8.63231822e+001	5.52802274e-001	
8.65352785e+001	5.51528821e-001	
8.67473747e+001	5.50341424e-001	
8.69594710e+001	5.49240642e-001	
8.71715673e+001	5.48226997e-001	
8.73836635e+001	5.47300972e-001	
8.75957598e+001	5.46463013e-001	
8.78078561e+001	5.45713525e-001	
8.80199524e+001	5.45052875e-001	
8.82320486e+001	5.44481384e-001	
8.84441449e+001	5.44516422e-001	
8.86562412e+001	5.45077185e-001	
8.88683374e+001	5.45725493e-001	
8.90804337e+001	5.46461034e-001	
8.92925300e+001	5.47283457e-001	
8.95046262e+001	5.48192370e-001	
8.97167225e+001	5.49187345e-001	
8.99288188e+001	5.50267914e-001	
9.01409151e+001	5.51433575e-001	
9.03530113e+001	5.52683788e-001	
9.05651076e+001	5.54017981e-001	
9.07772039e+001	5.55435550e-001	
9.09893001e+001	5.56935857e-001	
9.12013964e+001	5.58518236e-001	
9.14134927e+001	5.57985041e-001	
9.16255890e+001	5.56401012e-001	
9.18376852e+001	5.54900200e-001	
9.20497815e+001	5.53483281e-001	
9.22618778e+001	5.52150901e-001	
9.24739740e+001	5.50903674e-001	
9.26860703e+001	5.49742179e-001	
9.28981666e+001	5.48666961e-001	
9.31102629e+001	5.47678528e-001	
9.33223591e+001	5.46777351e-001	
9.35344554e+001	5.45963860e-001	
9.37465517e+001	5.45238450e-001	
9.39586479e+001	5.44601472e-001	
9.41707442e+001	5.44053237e-001	
9.43828405e+001	5.44339241e-001	
9.45949367e+001	5.44926209e-001	
9.48070330e+001	5.45600822e-001	
9.50191293e+001	5.46362754e-001	
9.52312256e+001	5.47211640e-001	
9.54433218e+001	5.48147077e-001	
9.56554181e+001	5.49168622e-001	
9.58675144e+001	5.50275797e-001	
9.60796106e+001	5.51468084e-001	
9.62917069e+001	5.52744933e-001	
9.65038032e+001	5.54105760e-001	
9.67158995e+001	5.55549948e-001	
9.69279957e+001	5.57076848e-001	
9.71400920e+001	5.58685782e-001	
9.73521883e+001	5.57386068e-001	
9.75642845e+001	5.55821172e-001	
9.77763808e+001	5.54339517e-001	
9.79884771e+001	5.52941773e-001	
9.82005733e+001	5.51628576e-001	
9.84126696e+001	5.50400534e-001	
9.86247659e+001	5.49258216e-001	
9.88368622e+001	5.48202159e-001	
9.90489584e+001	5.47232861e-001	
9.92610547e+001	5.46350786e-001	
9.94731510e+001	5.45556355e-001	
9.96852472e+001	5.44849953e-001	
9.98973435e+001	5.44231921e-001	
1.00109440e+002	5.43716041e-001	
1.00321536e+002	5.44245810e-001	
1.00533632e+002	5.44863941e-001	
1.00745729e+002	5.45570131e-001	
1.00957825e+002	5.46364040e-001	
1.01169921e+002	5.47245287e-001	
1.01382017e+002	5.48213448e-001	
1.01594114e+002	5.49268066e-001	
1.01806210e+002	5.50408644e-001	
1.02018306e+002	5.51634647e-001	
1.02230402e+002	5.52945508e-001	
1.02442499e+002	5.54340625e-001	
1.02654595e+002	5.55819363e-001	
1.02866691e+002	5.57381057e-001	
1.03078788e+002	5.58535079e-001	
1.03290884e+002	5.56592048e-001	
1.03502980e+002	5.54810425e-001	
1.03715076e+002	5.53191769e-001	
1.03927173e+002	5.51737515e-001	
1.04139269e+002	5.50448965e-001	
1.04351365e+002	5.49327286e-001	
1.04563461e+002	5.48373501e-001	
1.04775558e+002	5.47588489e-001	
1.04987654e+002	5.46972975e-001	
1.05199750e+002	5.46527532e-001	
1.05411847e+002	5.46252577e-001	
1.05623943e+002	5.46148367e-001	
1.05836039e+002	5.46214999e-001	
1.06048135e+002	5.46516780e-001	
1.06260232e+002	5.47088762e-001	
1.06472328e+002	5.47681633e-001	
1.06684424e+002	5.48295327e-001	
1.06896520e+002	5.48929773e-001	
1.07108617e+002	5.49584900e-001	
1.07320713e+002	5.50260633e-001	
1.07532809e+002	5.50956898e-001	
1.07744906e+002	5.51673615e-001	
1.07957002e+002	5.52410706e-001	
1.08169098e+002	5.53168089e-001	
1.08381194e+002	5.53945681e-001	
1.08593291e+002	5.54743396e-001	
1.08805387e+002	5.55561149e-001	
1.09017483e+002	5.55780776e-001	
1.09229579e+002	5.54959062e-001	
1.09441676e+002	5.54157288e-001	
1.09653772e+002	5.53375541e-001	
1.09865868e+002	5.52613907e-001	
1.10077965e+002	5.51872469e-001	
1.10290061e+002	5.51151307e-001	
1.10502157e+002	5.50450503e-001	
1.10714253e+002	5.49770133e-001	
1.10926350e+002	5.49110273e-001	
1.11138446e+002	5.48470999e-001	
1.11350542e+002	5.47852381e-001	
1.11562638e+002	5.47254490e-001	
1.11774735e+002	5.46677393e-001	
1.11986831e+002	5.46274675e-001	
1.12198927e+002	5.46166776e-001	
1.12411023e+002	5.46230076e-001	
1.12623120e+002	5.46464517e-001	
1.12835216e+002	5.46869879e-001	
1.13047312e+002	5.47445781e-001	
1.13259409e+002	5.48191687e-001	
1.13471505e+002	5.49106903e-001	
1.13683601e+002	5.50190584e-001	
1.13895697e+002	5.51441738e-001	
1.14107794e+002	5.52859228e-001	
1.14319890e+002	5.54441776e-001	
1.14531986e+002	5.56187976e-001	
1.14744082e+002	5.58096290e-001	
1.14956179e+002	5.57905201e-001	
1.15168275e+002	5.56330863e-001	
1.15380371e+002	5.54839102e-001	
1.15592468e+002	5.53430586e-001	
1.15804564e+002	5.52105950e-001	
1.16016660e+002	5.50865801e-001	
1.16228756e+002	5.49710710e-001	
1.16440853e+002	5.48641214e-001	
1.16652949e+002	5.47657816e-001	
1.16865045e+002	5.46760978e-001	
1.17077141e+002	5.45951129e-001	
1.17289238e+002	5.45228656e-001	
1.17501334e+002	5.44593905e-001	
1.17713430e+002	5.44047186e-001	
1.17925527e+002	5.44283683e-001	
1.18137623e+002	5.44876356e-001	
1.18349719e+002	5.45557742e-001	
1.18561815e+002	5.46327510e-001	
1.18773912e+002	5.47185286e-001	
1.18986008e+002	5.48130657e-001	
1.19198104e+002	5.49163171e-001	
1.19410200e+002	5.50282337e-001	
1.19622297e+002	5.51487628e-001	
1.19834393e+002	5.52778480e-001	
1.20046489e+002	5.54154295e-001	
1.20258586e+002	5.55614443e-001	
1.20470682e+002	5.57158260e-001	
1.20682778e+002	5.58785052e-001	
1.20894874e+002	5.57693217e-001	
1.21106971e+002	5.56150775e-001	
1.21319067e+002	5.54690755e-001	
1.21531163e+002	5.53313809e-001	
1.21743259e+002	5.52020559e-001	
1.21955356e+002	5.50811594e-001	
1.22167452e+002	5.49687470e-001	
1.22379548e+002	5.48648710e-001	
1.22591644e+002	5.47695798e-001	
1.22803741e+002	5.46829183e-001	
1.23015837e+002	5.46049277e-001	
1.23227933e+002	5.45356451e-001	
1.23440030e+002	5.44751038e-001	
1.23652126e+002	5.44233329e-001	
1.23864222e+002	5.44719739e-001	
1.24076318e+002	5.45335262e-001	
1.24288415e+002	5.46039793e-001	
1.24500511e+002	5.46832988e-001	
1.24712607e+002	5.47714461e-001	
1.24924703e+002	5.48683786e-001	
1.25136800e+002	5.49740501e-001	
1.25348896e+002	5.50884100e-001	
1.25560992e+002	5.52114045e-001	
1.25773089e+002	5.53429760e-001	
1.25985185e+002	5.54830635e-001	
1.26197281e+002	5.56316026e-001	
1.26409377e+002	5.57885258e-001	
1.26621474e+002	5.59256718e-001	
1.26833570e+002	5.57355516e-001	
1.27045666e+002	5.55614473e-001	
1.27257762e+002	5.54035101e-001	
1.27469859e+002	5.52618784e-001	
1.27681955e+002	5.51366780e-001	
1.27894051e+002	5.50280209e-001	
1.28106148e+002	5.49360054e-001	
1.28318244e+002	5.48607152e-001	
1.28530340e+002	5.48022193e-001	
1.28742436e+002	5.47605714e-001	
1.28954533e+002	5.47358100e-001	
1.29166629e+002	5.47279580e-001	
1.29378725e+002	5.47370227e-001	
1.29590821e+002	5.47673305e-001	
1.29802918e+002	5.48236716e-001	
1.30015014e+002	5.48821329e-001	
1.30227110e+002	5.49427075e-001	
1.30439206e+002	5.50053884e-001	
1.30651303e+002	5.50701686e-001	
1.30863399e+002	5.51370405e-001	
1.31075495e+002	5.52059966e-001	
1.31287592e+002	5.52770291e-001	
1.31499688e+002	5.53501300e-001	
1.31711784e+002	5.54252911e-001	
1.31923880e+002	5.55025040e-001	
1.32135977e+002	5.55817602e-001	
1.32348073e+002	5.56630510e-001	
1.32560169e+002	5.56948423e-001	
1.32772265e+002	5.56152620e-001	
1.32984362e+002	5.55376523e-001	
1.33196458e+002	5.54620213e-001	
1.33408554e+002	5.53883771e-001	
1.33620651e+002	5.53167276e-001	
1.33832747e+002	5.52470807e-001	
1.34044843e+002	5.51794440e-001	
1.34256939e+002	5.51138247e-001	
1.34469036e+002	5.50502301e-001	
1.34681132e+002	5.49886673e-001	
1.34893228e+002	5.49291431e-001	
1.35105324e+002	5.48716641e-001	
1.35317421e+002	5.48162367e-001	
1.35529517e+002	5.47750309e-001	
1.35741613e+002	5.47628166e-001	
1.35953710e+002	5.47678304e-001	
1.36165806e+002	5.47900674e-001	
1.36377902e+002	5.48295066e-001	
1.36589998e+002	5.48861111e-001	
1.36802095e+002	5.49598278e-001	
1.37014191e+002	5.50505879e-001	
1.37226287e+002	5.51583073e-001	
1.37438383e+002	5.52828869e-001	
1.37650480e+002	5.54242129e-001	
1.37862576e+002	5.55821577e-001	
1.38074672e+002	5.57565800e-001	
1.38286769e+002	5.59473256e-001	
1.38498865e+002	5.59514842e-001	
1.38710961e+002	5.57987447e-001	
1.38923057e+002	5.56541837e-001	
1.39135154e+002	5.55178651e-001	
1.39347250e+002	5.53898497e-001	
1.39559346e+002	5.52701952e-001	
1.39771442e+002	5.51589561e-001	
1.39983539e+002	5.50561832e-001	
1.40195635e+002	5.49619242e-001	
1.40407731e+002	5.48762230e-001	
1.40619827e+002	5.47991195e-001	
1.40831924e+002	5.47306503e-001	
1.41044020e+002	5.46708476e-001	
1.41256116e+002	5.46197401e-001	
1.41468213e+002	5.46375458e-001	
1.41680309e+002	5.46943920e-001	
1.41892405e+002	5.47601994e-001	
1.42104501e+002	5.48349358e-001	
1.42316598e+002	5.49185647e-001	
1.42528694e+002	5.50110456e-001	
1.42740790e+002	5.51123338e-001	
1.42952886e+002	5.52223810e-001	
1.43164983e+002	5.53411349e-001	
1.43377079e+002	5.54685395e-001	
1.43589175e+002	5.56045354e-001	
1.43801272e+002	5.57490598e-001	
1.44013368e+002	5.59020464e-001	
1.44225464e+002	5.60634261e-001	
1.44437560e+002	5.59768829e-001	
1.44649657e+002	5.58281615e-001	
1.44861753e+002	5.56875977e-001	
1.45073849e+002	5.55552534e-001	
1.45285945e+002	5.54311876e-001	
1.45498042e+002	5.53154560e-001	
1.45710138e+002	5.52081109e-001	
1.45922234e+002	5.51092014e-001	
1.46134331e+002	5.50187729e-001	
1.46346427e+002	5.49368674e-001	
1.46558523e+002	5.48635230e-001	
1.46770619e+002	5.47987740e-001	
1.46982716e+002	5.47426511e-001	
1.47194812e+002	5.46951807e-001	
1.47406908e+002	5.47360161e-001	
1.47619004e+002	5.47944322e-001	
1.47831101e+002	5.48618420e-001	
1.48043197e+002	5.49382124e-001	
1.48255293e+002	5.50235061e-001	
1.48467390e+002	5.51176816e-001	
1.48679486e+002	5.52206935e-001	
1.48891582e+002	5.53324924e-001	
1.49103678e+002	5.54530252e-001	
1.49315775e+002	5.55822351e-001	
1.49527871e+002	5.57200617e-001	
1.49739967e+002	5.58664413e-001	
1.49952063e+002	5.60213067e-001	
1.50164160e+002	5.61771434e-001	
1.50376256e+002	5.59952259e-001	
1.50588352e+002	5.58291622e-001	
1.50800448e+002	5.56790942e-001	
1.51012545e+002	5.55451515e-001	
1.51224641e+002	5.54274510e-001	
1.51436737e+002	5.53260964e-001	
1.51648834e+002	5.52411777e-001	
1.51860930e+002	5.51727707e-001	
1.52073026e+002	5.51209370e-001	
1.52285122e+002	5.50857233e-001	
1.52497219e+002	5.50671614e-001	
1.52709315e+002	5.50652683e-001	
1.52921411e+002	5.50800456e-001	
1.53133507e+002	5.51133005e-001	
1.53345604e+002	5.51662398e-001	
1.53557700e+002	5.52213380e-001	
1.53769796e+002	5.52785888e-001	
1.53981893e+002	5.53379853e-001	
1.54193989e+002	5.53995208e-001	
1.54406085e+002	5.54631880e-001	
1.54618181e+002	5.55289797e-001	
1.54830278e+002	5.55968883e-001	
1.55042374e+002	5.56669061e-001	
1.55254470e+002	5.57390250e-001	
1.55466566e+002	5.58132371e-001	
1.55678663e+002	5.58895339e-001	
1.55890759e+002	5.59679069e-001	
1.56102855e+002	5.60080395e-001	
1.56314952e+002	5.59336013e-001	
1.56527048e+002	5.58611236e-001	
1.56739144e+002	5.57906143e-001	
1.56951240e+002	5.57220807e-001	
1.57163337e+002	5.56555301e-001	
1.57375433e+002	5.55909696e-001	
1.57587529e+002	5.55284063e-001	
1.57799625e+002	5.54678468e-001	
1.58011722e+002	5.54092977e-001	
1.58223818e+002	5.53527655e-001	
1.58435914e+002	5.52982562e-001	
1.58648011e+002	5.52457759e-001	
1.58860107e+002	5.51953303e-001	
1.59072203e+002	5.51542256e-001	
1.59284299e+002	5.51378177e-001	
1.59496396e+002	5.51387158e-001	
1.59708492e+002	5.51569190e-001	
1.59920588e+002	5.51924103e-001	
1.60132684e+002	5.52451563e-001	
1.60344781e+002	5.53151077e-001	
1.60556877e+002	5.54021992e-001	
1.60768973e+002	5.55063503e-001	
1.60981069e+002	5.56274650e-001	
1.61193166e+002	5.57654329e-001	
1.61405262e+002	5.59201293e-001	
1.61617358e+002	5.60914156e-001	
1.61829455e+002	5.62791405e-001	
1.62041551e+002	5.62913270e-001	
1.62253647e+002	5.61221416e-001	
1.62465743e+002	5.59688004e-001	
1.62677840e+002	5.58314338e-001	
1.62889936e+002	5.57101601e-001	
1.63102032e+002	5.56050846e-001	
1.63314128e+002	5.55162992e-001	
1.63526225e+002	5.54438821e-001	
1.63738321e+002	5.53878977e-001	
1.63950417e+002	5.53483956e-001	
1.64162514e+002	5.53254114e-001	
1.64374610e+002	5.53189655e-001	
1.64586706e+002	5.53290637e-001	
1.64798802e+002	5.53556969e-001	
1.65010899e+002	5.54008325e-001	
1.65222995e+002	5.54522073e-001	
1.65435091e+002	5.55057675e-001	
1.65647187e+002	5.55615067e-001	
1.65859284e+002	5.56194183e-001	
1.66071380e+002	5.56794956e-001	
1.66283476e+002	5.57417316e-001	
1.66495573e+002	5.58061191e-001	
1.66707669e+002	5.58726505e-001	
1.66919765e+002	5.59413183e-001	
1.67131861e+002	5.60121147e-001	
1.67343958e+002	5.60850315e-001	
1.67556054e+002	5.61600604e-001	
1.67768150e+002	5.62371932e-001	
1.67980246e+002	5.62063714e-001	
1.68192343e+002	5.61366413e-001	
1.68404439e+002	5.60688652e-001	
1.68616535e+002	5.60030501e-001	
1.68828632e+002	5.59392029e-001	
1.69040728e+002	5.58773305e-001	
1.69252824e+002	5.58174394e-001	
1.69464920e+002	5.57595360e-001	
1.69677017e+002	5.57036264e-001	
1.69889113e+002	5.56497167e-001	
1.70101209e+002	5.55978127e-001	
1.70313305e+002	5.55479200e-001	
1.70525402e+002	5.55000440e-001	
1.70737498e+002	5.54541901e-001	
1.70949594e+002	5.54249859e-001	
1.71161690e+002	5.54145560e-001	
1.71373787e+002	5.54214388e-001	
1.71585883e+002	5.54456280e-001	
1.71797979e+002	5.54871009e-001	
1.72010076e+002	5.55458188e-001	
1.72222172e+002	5.56217271e-001	
1.72434268e+002	5.57147556e-001	
1.72646364e+002	5.58248186e-001	
1.72858461e+002	5.59518156e-001	
1.73070557e+002	5.60956317e-001	
1.73282653e+002	5.62561377e-001	
1.73494749e+002	5.64331914e-001	
1.73706846e+002	5.66266374e-001	
1.73918942e+002	5.64686731e-001	
1.74131038e+002	5.63131250e-001	
1.74343135e+002	5.61733360e-001	
1.74555231e+002	5.60494242e-001	
1.74767327e+002	5.59414950e-001	
1.74979423e+002	5.58496412e-001	
1.75191520e+002	5.57739420e-001	
1.75403616e+002	5.57144634e-001	
1.75615712e+002	5.56712574e-001	
1.75827808e+002	5.56443618e-001	
1.76039905e+002	5.56338004e-001	
1.76252001e+002	5.56395823e-001	
1.76464097e+002	5.56617026e-001	
1.76676194e+002	5.57004153e-001	
1.76888290e+002	5.57508250e-001	
1.77100386e+002	5.58034765e-001	
1.77312482e+002	5.58583636e-001	
1.77524579e+002	5.59154798e-001	
1.77736675e+002	5.59748181e-001	
1.77948771e+002	5.60363715e-001	
1.78160867e+002	5.61001328e-001	
1.78372964e+002	5.61660943e-001	
1.78585060e+002	5.62342485e-001	
1.78797156e+002	5.63045872e-001	
1.79009252e+002	5.63771023e-001	
1.79221349e+002	5.64517855e-001	
1.79433445e+002	5.65286282e-001	
1.79645541e+002	5.65809707e-001	
1.79857638e+002	5.65317064e-001	
1.80069734e+002	5.64878094e-001	
1.80281830e+002	5.64492923e-001	
1.80493926e+002	5.64161659e-001	
1.80706023e+002	5.63884399e-001	
1.80918119e+002	5.63661221e-001	
1.81130215e+002	5.63492191e-001	
1.81342311e+002	5.63377357e-001	
1.81554408e+002	5.63316751e-001	
1.81766504e+002	5.63310393e-001	
1.81978600e+002	5.63358282e-001	
1.82190697e+002	5.63460407e-001	
1.82402793e+002	5.63616736e-001	
1.82614889e+002	5.63715094e-001	
1.82826985e+002	5.63631827e-001	
1.83039082e+002	5.63607457e-001	
1.83251178e+002	5.63641990e-001	
1.83463274e+002	5.63735417e-001	
1.83675370e+002	5.63887708e-001	
1.83887467e+002	5.64098815e-001	
1.84099563e+002	5.64368672e-001	
1.84311659e+002	5.64697195e-001	
1.84523756e+002	5.65084282e-001	
1.84735852e+002	5.65529812e-001	
1.84947948e+002	5.66033648e-001	
1.85160044e+002	5.66595634e-001	
1.85372141e+002	5.67215597e-001	
1.85584237e+002	5.67290014e-001	
1.85796333e+002	5.66619041e-001	
1.86008429e+002	5.65967742e-001	
1.86220526e+002	5.65336185e-001	
1.86432622e+002	5.64724438e-001	
1.86644718e+002	5.64132563e-001	
1.86856815e+002	5.63560624e-001	
1.87068911e+002	5.63008681e-001	
1.87281007e+002	5.62476794e-001	
1.87493103e+002	5.61965019e-001	
1.87705200e+002	5.61473411e-001	
1.87917296e+002	5.61002024e-001	
1.88129392e+002	5.60550908e-001	
1.88341488e+002	5.60120112e-001	
1.88553585e+002	5.59756721e-001	
1.88765681e+002	5.59569522e-001	
1.88977777e+002	5.59554780e-001	
1.89189873e+002	5.59712509e-001	
1.89401970e+002	5.60042563e-001	
1.89614066e+002	5.60544638e-001	
1.89826162e+002	5.61218271e-001	
1.90038259e+002	5.62062846e-001	
1.90250355e+002	5.63077595e-001	
1.90462451e+002	5.64261598e-001	
1.90674547e+002	5.65613793e-001	
1.90886644e+002	5.67132977e-001	
1.91098740e+002	5.68817812e-001	
1.91310836e+002	5.70666830e-001	
1.91522932e+002	5.70219947e-001	
1.91735029e+002	5.68736580e-001	
1.91947125e+002	5.67407628e-001	
1.92159221e+002	5.66234179e-001	
1.92371318e+002	5.65217202e-001	
1.92583414e+002	5.64357541e-001	
1.92795510e+002	5.63655918e-001	
1.93007606e+002	5.63112923e-001	
1.93219703e+002	5.62729014e-001	
1.93431799e+002	5.62504518e-001	
1.93643895e+002	5.62439625e-001	
1.93855991e+002	5.62534392e-001	
1.94068088e+002	5.62788736e-001	
1.94280184e+002	5.63202443e-001	
1.94492280e+002	5.63655792e-001	
1.94704377e+002	5.64114721e-001	
1.94916473e+002	5.64596423e-001	
1.95128569e+002	5.65100839e-001	
1.95340665e+002	5.65627909e-001	
1.95552762e+002	5.66177568e-001	
1.95764858e+002	5.66749753e-001	
1.95976954e+002	5.67344393e-001	
1.96189050e+002	5.67961419e-001	
1.96401147e+002	5.68600759e-001	
1.96613243e+002	5.69262335e-001	
1.96825339e+002	5.69946073e-001	
1.97037436e+002	5.70651890e-001	
1.97249532e+002	5.71379707e-001	
1.97461628e+002	5.71062539e-001	
1.97673724e+002	5.70690930e-001	
1.97885821e+002	5.70372246e-001	
1.98097917e+002	5.70106576e-001	
1.98310013e+002	5.69893995e-001	
1.98522109e+002	5.69734561e-001	
1.98734206e+002	5.69628319e-001	
1.98946302e+002	5.69575298e-001	
1.99158398e+002	5.69575515e-001	
1.99370494e+002	5.69628968e-001	
1.99582591e+002	5.69735644e-001	
1.99794687e+002	5.69895510e-001	
2.00006783e+002	5.70108524e-001	
2.00218880e+002	5.70362512e-001	
2.00430976e+002	5.70248859e-001	
2.00643072e+002	5.70194702e-001	
2.00855168e+002	5.70200057e-001	
2.01067265e+002	5.70264923e-001	
2.01279361e+002	5.70389279e-001	
2.01491457e+002	5.70573087e-001	
2.01703553e+002	5.70816290e-001	
2.01915650e+002	5.71118810e-001	
2.02127746e+002	5.71480554e-001	
2.02339842e+002	5.71901411e-001	
2.02551939e+002	5.72381248e-001	
2.02764035e+002	5.72919919e-001	
2.02976131e+002	5.73517256e-001	
2.03188227e+002	5.74008471e-001	
2.03400324e+002	5.73590631e-001	
2.03612420e+002	5.73225466e-001	
2.03824516e+002	5.72913077e-001	
2.04036612e+002	5.72653549e-001	
2.04248709e+002	5.72446955e-001	
2.04460805e+002	5.72293353e-001	
2.04672901e+002	5.72192784e-001	
2.04884998e+002	5.72145277e-001	
2.05097094e+002	5.72150845e-001	
2.05309190e+002	5.72209486e-001	
2.05521286e+002	5.72321184e-001	
2.05733383e+002	5.72485909e-001	
2.05945479e+002	5.72703613e-001	
2.06157575e+002	5.72858296e-001	
2.06369671e+002	5.72746665e-001	
2.06581768e+002	5.72694619e-001	
2.06793864e+002	5.72702176e-001	
2.07005960e+002	5.72769333e-001	
2.07218057e+002	5.72896069e-001	
2.07430153e+002	5.73082345e-001	
2.07642249e+002	5.73328102e-001	
2.07854345e+002	5.73633264e-001	
2.08066442e+002	5.73997737e-001	
2.08278538e+002	5.74421407e-001	
2.08490634e+002	5.74904144e-001	
2.08702730e+002	5.75445799e-001	
2.08914827e+002	5.76046205e-001	
2.09126923e+002	5.76290547e-001	
2.09339019e+002	5.75918136e-001	
2.09551115e+002	5.75598085e-001	
2.09763212e+002	5.75330480e-001	
2.09975308e+002	5.75115396e-001	
2.10187404e+002	5.74952890e-001	
2.10399501e+002	5.74843008e-001	
2.10611597e+002	5.74785779e-001	
2.10823693e+002	5.74781220e-001	
2.11035789e+002	5.74829331e-001	
2.11247886e+002	5.74930099e-001	
2.11459982e+002	5.75083498e-001	
2.11672078e+002	5.75289484e-001	
2.11884174e+002	5.75548001e-001	
2.12096271e+002	5.75616914e-001	
2.12308367e+002	5.75501603e-001	
2.12520463e+002	5.75445965e-001	
2.12732560e+002	5.75450017e-001	
2.12944656e+002	5.75513759e-001	
2.13156752e+002	5.75637169e-001	
2.13368848e+002	5.75820211e-001	
2.13580945e+002	5.76062827e-001	
2.13793041e+002	5.76364942e-001	
2.14005137e+002	5.76726463e-001	
2.14217233e+002	5.77147277e-001	
2.14429330e+002	5.77627255e-001	
2.14641426e+002	5.78166251e-001	
2.14853522e+002	5.78764098e-001	
2.15065619e+002	5.78778871e-001	
2.15277715e+002	5.78450317e-001	
2.15489811e+002	5.78173831e-001	
2.15701907e+002	5.77949488e-001	
2.15914004e+002	5.77777349e-001	
2.16126100e+002	5.77657460e-001	
2.16338196e+002	5.77589854e-001	
2.16550292e+002	5.77574549e-001	
2.16762389e+002	5.77611549e-001	
2.16974485e+002	5.77700845e-001	
2.17186581e+002	5.77842412e-001	
2.17398677e+002	5.78036211e-001	
2.17610774e+002	5.78282191e-001	
2.17822870e+002	5.78580284e-001	
2.18034966e+002	5.78541782e-001	
2.18247063e+002	5.78422545e-001	
2.18459159e+002	5.78362929e-001	
2.18671255e+002	5.78362951e-001	
2.18883351e+002	5.78422612e-001	
2.19095448e+002	5.78541894e-001	
2.19307544e+002	5.78720758e-001	
2.19519640e+002	5.78959151e-001	
2.19731736e+002	5.79256998e-001	
2.19943833e+002	5.79614208e-001	
2.20155929e+002	5.80030671e-001	
2.20368025e+002	5.80506261e-001	
2.20580122e+002	5.81040830e-001	
2.20792218e+002	5.81634218e-001	
2.21004314e+002	5.81436967e-001	
2.21216410e+002	5.81147064e-001	
2.21428507e+002	5.80909088e-001	
2.21640603e+002	5.80723104e-001	
2.21852699e+002	5.80589160e-001	
2.22064795e+002	5.80507293e-001	
2.22276892e+002	5.80477524e-001	
2.22488988e+002	5.80499863e-001	
2.22701084e+002	5.80574302e-001	
2.22913181e+002	5.80700823e-001	
2.23125277e+002	5.80879390e-001	
2.23337373e+002	5.81109956e-001	
2.23549469e+002	5.81392459e-001	
2.23761566e+002	5.81726823e-001	
2.23973662e+002	5.81556259e-001	
2.24185758e+002	5.81428836e-001	
2.24397854e+002	5.81360601e-001	
2.24609951e+002	5.81351576e-001	
2.24822047e+002	5.81401763e-001	
2.25034143e+002	5.81511146e-001	
2.25246240e+002	5.81679693e-001	
2.25458336e+002	5.81907352e-001	
2.25670432e+002	5.82194053e-001	
2.25882528e+002	5.82539709e-001	
2.26094625e+002	5.82944216e-001	
2.26306721e+002	5.83407452e-001	
2.26518817e+002	5.83929275e-001	
2.26730913e+002	5.84424615e-001	
2.26943010e+002	5.84119083e-001	
2.27155106e+002	5.83865413e-001	
2.27367202e+002	5.83663673e-001	
2.27579298e+002	5.83513916e-001	
2.27791395e+002	5.83416182e-001	
2.28003491e+002	5.83370497e-001	
2.28215587e+002	5.83376875e-001	
2.28427684e+002	5.83435312e-001	
2.28639780e+002	5.83545793e-001	
2.28851876e+002	5.83708289e-001	
2.29063972e+002	5.83922757e-001	
2.29276069e+002	5.84189138e-001	
2.29488165e+002	5.84507363e-001	
2.29700261e+002	5.84607463e-001	
2.29912357e+002	5.83830603e-001	
2.30124454e+002	5.83266414e-001	
2.30336550e+002	5.82915514e-001	
2.30548646e+002	5.82778289e-001	
2.30760743e+002	5.82854889e-001	
2.30972839e+002	5.83145229e-001	
2.31184935e+002	5.83648992e-001	
2.31397031e+002	5.84365624e-001	
2.31609128e+002	5.85294345e-001	
2.31821224e+002	5.86434146e-001	
2.32033320e+002	5.87783800e-001	
2.32245416e+002	5.89341864e-001	
2.32457513e+002	5.91106691e-001	
2.32669609e+002	5.91907033e-001	
2.32881705e+002	5.90441906e-001	
2.33093802e+002	5.89097073e-001	
2.33305898e+002	5.87873358e-001	
2.33517994e+002	5.86771521e-001	
2.33730090e+002	5.85792248e-001	
2.33942187e+002	5.84936155e-001	
2.34154283e+002	5.84203783e-001	
2.34366379e+002	5.83595600e-001	
2.34578475e+002	5.83111992e-001	
2.34790572e+002	5.82753270e-001	
2.35002668e+002	5.82519665e-001	
2.35214764e+002	5.82411327e-001	
2.35426861e+002	5.82428327e-001	
2.35638957e+002	5.82304102e-001	
2.35851053e+002	5.81996834e-001	
2.36063149e+002	5.81849466e-001	
2.36275246e+002	5.81862118e-001	
2.36487342e+002	5.82034781e-001	
2.36699438e+002	5.82367311e-001	
2.36911534e+002	5.82859435e-001	
2.37123631e+002	5.83510750e-001	
2.37335727e+002	5.84320722e-001	
2.37547823e+002	5.85288694e-001	
2.37759919e+002	5.86413883e-001	
2.37972016e+002	5.87695385e-001	
2.38184112e+002	5.89132182e-001	
2.38396208e+002	5.90723139e-001	
2.38608305e+002	5.90827215e-001	
2.38820401e+002	5.89749495e-001	
2.39032497e+002	5.88749298e-001	
2.39244593e+002	5.87827019e-001	
2.39456690e+002	5.86983026e-001	
2.39668786e+002	5.86217656e-001	
2.39880882e+002	5.85531219e-001	
2.40092978e+002	5.84923993e-001	
2.40305075e+002	5.84396223e-001	
2.40517171e+002	5.83948125e-001	
2.40729267e+002	5.83579884e-001	
2.40941364e+002	5.83291650e-001	
2.41153460e+002	5.83083542e-001	
2.41365556e+002	5.82955646e-001	
2.41577652e+002	5.83064180e-001	
2.41789749e+002	5.83328796e-001	
2.42001845e+002	5.83676562e-001	
2.42213941e+002	5.84107330e-001	
2.42426037e+002	5.84620916e-001	
2.42638134e+002	5.85217102e-001	
2.42850230e+002	5.85895637e-001	
2.43062326e+002	5.86656234e-001	
2.43274423e+002	5.87498575e-001	
2.43486519e+002	5.88422308e-001	
2.43698615e+002	5.89427052e-001	
2.43910711e+002	5.90512392e-001	
2.44122808e+002	5.91677884e-001	
2.44334904e+002	5.92923057e-001	
2.44547000e+002	5.92018302e-001	
2.44759096e+002	5.90692970e-001	
2.44971193e+002	5.89517121e-001	
2.45183289e+002	5.88491651e-001	
2.45395385e+002	5.87617347e-001	
2.45607482e+002	5.86894885e-001	
2.45819578e+002	5.86324825e-001	
2.46031674e+002	5.85907614e-001	
2.46243770e+002	5.85643577e-001	
2.46455867e+002	5.85532921e-001	
2.46667963e+002	5.85575735e-001	
2.46880059e+002	5.85771983e-001	
2.47092155e+002	5.86121512e-001	
2.47304252e+002	5.86624048e-001	
2.47516348e+002	5.86861049e-001	
2.47728444e+002	5.87086755e-001	
2.47940540e+002	5.87333688e-001	
2.48152637e+002	5.87601823e-001	
2.48364733e+002	5.87891130e-001	
2.48576829e+002	5.88201578e-001	
2.48788926e+002	5.88533134e-001	
2.49001022e+002	5.88885761e-001	
2.49213118e+002	5.89259422e-001	
2.49425214e+002	5.89654077e-001	
2.49637311e+002	5.90069684e-001	
2.49849407e+002	5.90506199e-001	
2.50061503e+002	5.90963575e-001	
2.50273599e+002	5.91411999e-001	
2.50485696e+002	5.91071486e-001	
2.50697792e+002	5.90786037e-001	
2.50909888e+002	5.90555734e-001	
2.51121985e+002	5.90380640e-001	
2.51334081e+002	5.90260804e-001	
2.51546177e+002	5.90196261e-001	
2.51758273e+002	5.90187028e-001	
2.51970370e+002	5.90233108e-001	
2.52182466e+002	5.90334489e-001	
2.52394562e+002	5.90491140e-001	
2.52606658e+002	5.90703020e-001	
2.52818755e+002	5.90970067e-001	
2.53030851e+002	5.91292208e-001	
2.53242947e+002	5.91557751e-001	
2.53455044e+002	5.91258467e-001	
2.53667140e+002	5.91012642e-001	
2.53879236e+002	5.90820341e-001	
2.54091332e+002	5.90681617e-001	
2.54303429e+002	5.90596509e-001	
2.54515525e+002	5.90565038e-001	
2.54727621e+002	5.90587213e-001	
2.54939717e+002	5.90663030e-001	
2.55151814e+002	5.90792466e-001	
2.55363910e+002	5.90975486e-001	
2.55576006e+002	5.91212042e-001	
2.55788103e+002	5.91502068e-001	
2.56000199e+002	5.91845487e-001	
2.56212295e+002	5.92019936e-001	
2.56424391e+002	5.91650652e-001	
2.56636488e+002	5.91336955e-001	
2.56848584e+002	5.91078936e-001	
2.57060680e+002	5.90876666e-001	
2.57272776e+002	5.90730203e-001	
2.57484873e+002	5.90639588e-001	
2.57696969e+002	5.90604847e-001	
2.57909065e+002	5.90625990e-001	
2.58121161e+002	5.90703010e-001	
2.58333258e+002	5.90835887e-001	
2.58545354e+002	5.91024583e-001	
2.58757450e+002	5.91269043e-001	
2.58969547e+002	5.91569199e-001	
2.59181643e+002	5.91649784e-001	
2.59393739e+002	5.91351779e-001	
2.59605835e+002	5.91106919e-001	
2.59817932e+002	5.90915268e-001	
2.60030028e+002	5.90776879e-001	
2.60242124e+002	5.90691788e-001	
2.60454220e+002	5.90660020e-001	
2.60666317e+002	5.90681583e-001	
2.60878413e+002	5.90756470e-001	
2.61090509e+002	5.90884662e-001	
2.61302606e+002	5.91066124e-001	
2.61514702e+002	5.91300806e-001	
2.61726798e+002	5.91588646e-001	
2.61938894e+002	5.91929566e-001	
2.62150991e+002	5.91908956e-001	
2.62363087e+002	5.91540178e-001	
2.62575183e+002	5.91227155e-001	
2.62787279e+002	5.90969975e-001	
2.62999376e+002	5.90768710e-001	
2.63211472e+002	5.90623419e-001	
2.63423568e+002	5.90534142e-001	
2.63635665e+002	5.90500905e-001	
2.63847761e+002	5.90523717e-001	
2.64059857e+002	5.90602571e-001	
2.64271953e+002	5.90737446e-001	
2.64484050e+002	5.90928303e-001	
2.64696146e+002	5.91175088e-001	
2.64908242e+002	5.91477731e-001	
2.65120338e+002	5.91397018e-001	
2.65332435e+002	5.91106388e-001	
2.65544531e+002	5.90868886e-001	
2.65756627e+002	5.90684576e-001	
2.65968723e+002	5.90553507e-001	
2.66180820e+002	5.90475715e-001	
2.66392916e+002	5.90451220e-001	
2.66605012e+002	5.90480030e-001	
2.66817109e+002	5.90562137e-001	
2.67029205e+002	5.90697518e-001	
2.67241301e+002	5.90886137e-001	
2.67453397e+002	5.91127942e-001	
2.67665494e+002	5.91422870e-001	
2.67877590e+002	5.91770839e-001	
2.68089686e+002	5.91564848e-001	
2.68301782e+002	5.91204286e-001	
2.68513879e+002	5.90899464e-001	
2.68725975e+002	5.90650469e-001	
2.68938071e+002	5.90457371e-001	
2.69150168e+002	5.90320226e-001	
2.69362264e+002	5.90239072e-001	
2.69574360e+002	5.90213932e-001	
2.69786456e+002	5.90244813e-001	
2.69998553e+002	5.90331708e-001	
2.70210649e+002	5.90474590e-001	
2.70422745e+002	5.90673420e-001	
2.70634841e+002	5.90928140e-001	
2.70846938e+002	5.91238679e-001	
2.71059034e+002	5.91001998e-001	
2.71271130e+002	5.90721407e-001	
2.71483227e+002	5.90494053e-001	
2.71695323e+002	5.90319997e-001	
2.71907419e+002	5.90199286e-001	
2.72119515e+002	5.90131954e-001	
2.72331612e+002	5.90118017e-001	
2.72543708e+002	5.90157481e-001	
2.72755804e+002	5.90250334e-001	
2.72967900e+002	5.90396551e-001	
2.73179997e+002	5.90596092e-001	
2.73392093e+002	5.90848905e-001	
2.73604189e+002	5.91154919e-001	
2.73816286e+002	5.91514053e-001	
2.74028382e+002	5.91123917e-001	
2.74240478e+002	5.90772276e-001	
2.74452574e+002	5.90476326e-001	
2.74664671e+002	5.90236150e-001	
2.74876767e+002	5.90051816e-001	
2.75088863e+002	5.89923378e-001	
2.75300959e+002	5.89850871e-001	
2.75513056e+002	5.89834316e-001	
2.75725152e+002	5.89873718e-001	
2.75937248e+002	5.89969065e-001	
2.76149344e+002	5.90120331e-001	
2.76361441e+002	5.90327472e-001	
2.76573537e+002	5.90590430e-001	
2.76785633e+002	5.90841670e-001	
2.76997730e+002	5.90520867e-001	
2.77209826e+002	5.90253421e-001	
2.77421922e+002	5.90039406e-001	
2.77634018e+002	5.89878880e-001	
2.77846115e+002	5.89771886e-001	
2.78058211e+002	5.89718454e-001	
2.78270307e+002	5.89718597e-001	
2.78482403e+002	5.89772317e-001	
2.78694500e+002	5.89879598e-001	
2.78906596e+002	5.90040411e-001	
2.79118692e+002	5.90254712e-001	
2.79330789e+002	5.90522443e-001	
2.79542885e+002	5.90843533e-001	
2.79754981e+002	5.91040340e-001	
2.79967077e+002	5.90644484e-001	
2.80179174e+002	5.90304117e-001	
2.80391270e+002	5.90019336e-001	
2.80603366e+002	5.89790221e-001	
2.80815462e+002	5.89616837e-001	
2.81027559e+002	5.89499234e-001	
2.81239655e+002	5.89437443e-001	
2.81451751e+002	5.89431484e-001	
2.81663848e+002	5.89481357e-001	
2.81875944e+002	5.89587049e-001	
2.82088040e+002	5.89748529e-001	
2.82300136e+002	5.89965752e-001	
2.82512233e+002	5.90238657e-001	
2.82724329e+002	5.90337541e-001	
2.82936425e+002	5.90031364e-001	
2.83148521e+002	5.89778748e-001	
2.83360618e+002	5.89579763e-001	
2.83572714e+002	5.89434463e-001	
2.83784810e+002	5.89342889e-001	
2.83996907e+002	5.89305064e-001	
2.84209003e+002	5.89320999e-001	
2.84421099e+002	5.89390690e-001	
2.84633195e+002	5.89514118e-001	
2.84845292e+002	5.89691249e-001	
2.85057388e+002	5.89922035e-001	
2.85269484e+002	5.90206413e-001	
2.85481580e+002	5.90544305e-001	
2.85693677e+002	5.90560636e-001	
2.85905773e+002	5.90176014e-001	
2.86117869e+002	5.89846815e-001	
2.86329965e+002	5.89573132e-001	
2.86542062e+002	5.89355042e-001	
2.86754158e+002	5.89192607e-001	
2.86966254e+002	5.89085873e-001	
2.87178351e+002	5.89034870e-001	
2.87390447e+002	5.89039613e-001	
2.87602543e+002	5.89100100e-001	
2.87814639e+002	5.89216315e-001	
2.88026736e+002	5.89388224e-001	
2.88238832e+002	5.89615778e-001	
2.88450928e+002	5.89898913e-001	
2.88663024e+002	5.89848402e-001	
2.88875121e+002	5.89557759e-001	
2.89087217e+002	5.89320911e-001	
2.89299313e+002	5.89137924e-001	
2.89511410e+002	5.89008847e-001	
2.89723506e+002	5.88933716e-001	
2.89935602e+002	5.88912552e-001	
2.90147698e+002	5.88945361e-001	
2.90359795e+002	5.89032133e-001	
2.90571891e+002	5.89172844e-001	
2.90783987e+002	5.89367457e-001	
2.90996083e+002	5.89615917e-001	
2.91208180e+002	5.89918157e-001	
2.91420276e+002	5.90274094e-001	
2.91632372e+002	5.90109192e-001	
2.91844469e+002	5.89738130e-001	
2.92056565e+002	5.89422368e-001	
2.92268661e+002	5.89161995e-001	
2.92480757e+002	5.88957085e-001	
2.92692854e+002	5.88807696e-001	
2.92904950e+002	5.88713869e-001	
2.93117046e+002	5.88675632e-001	
2.93329142e+002	5.88692995e-001	
2.93541239e+002	5.88765954e-001	
2.93753335e+002	5.88894487e-001	
2.93965431e+002	5.89078558e-001	
2.94177528e+002	5.89318115e-001	
2.94389624e+002	5.89613091e-001	
2.94601720e+002	5.89415720e-001	
2.94813816e+002	5.89140205e-001	
2.95025913e+002	5.88918683e-001	
2.95238009e+002	5.88751215e-001	
2.95450105e+002	5.88637846e-001	
2.95662201e+002	5.88578608e-001	
2.95874298e+002	5.88573517e-001	
2.96086394e+002	5.88622575e-001	
2.96298490e+002	5.88725768e-001	
2.96510586e+002	5.88883068e-001	
2.96722683e+002	5.89094431e-001	
2.96934779e+002	5.89359800e-001	
2.97146875e+002	5.89679100e-001	
2.97358972e+002	5.90052246e-001	
2.97571068e+002	5.89704615e-001	
2.97783164e+002	5.89347953e-001	
2.97995260e+002	5.89046468e-001	
2.98207357e+002	5.88800244e-001	
2.98419453e+002	5.88609350e-001	
2.98631549e+002	5.88473841e-001	
2.98843645e+002	5.88393754e-001	
2.99055742e+002	5.88369113e-001	
2.99267838e+002	5.88399924e-001	
2.99479934e+002	5.88486179e-001	
2.99692031e+002	5.88627853e-001	
2.99904127e+002	5.88824907e-001	
3.00116223e+002	5.89077283e-001	
3.00328319e+002	5.89356762e-001	
3.00540416e+002	5.89043404e-001	
3.00752512e+002	5.88784211e-001	
3.00964608e+002	5.88579254e-001	
3.01176704e+002	5.88428590e-001	
3.01388801e+002	5.88332261e-001	
3.01600897e+002	5.88290293e-001	
3.01812993e+002	5.88302698e-001	
3.02025090e+002	5.88369472e-001	
3.02237186e+002	5.88490597e-001	
3.02449282e+002	5.88666040e-001	
3.02661378e+002	5.88895752e-001	
3.02873475e+002	5.89179670e-001	
3.03085571e+002	5.89517714e-001	
3.03297667e+002	5.89775190e-001	
3.03509763e+002	5.89379023e-001	
3.03721860e+002	5.89037787e-001	
3.03933956e+002	5.88751578e-001	
3.04146052e+002	5.88520476e-001	
3.04358148e+002	5.88344545e-001	
3.04570245e+002	5.88223837e-001	
3.04782341e+002	5.88158383e-001	
3.04994437e+002	5.88148204e-001	
3.05206534e+002	5.88193302e-001	
3.05418630e+002	5.88293663e-001	
3.05630726e+002	5.88449261e-001	
3.05842822e+002	5.88660050e-001	
3.06054919e+002	5.88925972e-001	
3.06267015e+002	5.89059966e-001	
3.06479111e+002	5.88762363e-001	
3.06691207e+002	5.88519137e-001	
3.06903304e+002	5.88330356e-001	
3.07115400e+002	5.88196071e-001	
3.07327496e+002	5.88116322e-001	
3.07539593e+002	5.88091129e-001	
3.07751689e+002	5.88120499e-001	
3.07963785e+002	5.88204425e-001	
3.08175881e+002	5.88342884e-001	
3.08387978e+002	5.88535835e-001	
3.08600074e+002	5.88783227e-001	
3.08812170e+002	5.89084991e-001	
3.09024266e+002	5.89441042e-001	
3.09236363e+002	5.89517424e-001	
3.09448459e+002	5.89138805e-001	
3.09660555e+002	5.88815034e-001	
3.09872652e+002	5.88546200e-001	
3.10084748e+002	5.88332380e-001	
3.10296844e+002	5.88173634e-001	
3.10508940e+002	5.88070005e-001	
3.10721037e+002	5.88021524e-001	
3.10933133e+002	5.88028203e-001	
3.11145229e+002	5.88090041e-001	
3.11357325e+002	5.88207021e-001	
3.11569422e+002	5.88379110e-001	
3.11781518e+002	5.88606258e-001	
3.11993614e+002	5.88888404e-001	
3.12205711e+002	5.88865213e-001	
3.12417807e+002	5.88555615e-001	
3.12629903e+002	5.88300296e-001	
3.12841999e+002	5.88099329e-001	
3.13054096e+002	5.87952768e-001	
3.13266192e+002	5.87860655e-001	
3.13478288e+002	5.87823015e-001	
3.13690384e+002	5.87839859e-001	
3.13902481e+002	5.87911181e-001	
3.14114577e+002	5.88036963e-001	
3.14326673e+002	5.88217169e-001	
3.14538769e+002	5.88451748e-001	
3.14750866e+002	5.88740637e-001	
3.14962962e+002	5.89083755e-001	
3.15175058e+002	5.88919377e-001	
3.15387155e+002	5.88455065e-001	
3.15599251e+002	5.88011901e-001	
3.15811347e+002	5.87589931e-001	
3.16023443e+002	5.87189201e-001	
3.16235540e+002	5.86809755e-001	
3.16447636e+002	5.86451635e-001	
3.16659732e+002	5.86114878e-001	
3.16871828e+002	5.85799523e-001	
3.17083925e+002	5.85505604e-001	
3.17296021e+002	5.85233153e-001	
3.17508117e+002	5.84982200e-001	
3.17720214e+002	5.84752772e-001	
3.17932310e+002	5.84544896e-001	
3.18144406e+002	5.84131154e-001	
3.18356502e+002	5.83779433e-001	
3.18568599e+002	5.83582405e-001	
3.18780695e+002	5.83540225e-001	
3.18992791e+002	5.83652927e-001	
3.19204887e+002	5.83920421e-001	
3.19416984e+002	5.84342494e-001	
3.19629080e+002	5.84918813e-001	
3.19841176e+002	5.85648922e-001	
3.20053273e+002	5.86532246e-001	
3.20265369e+002	5.87568094e-001	
3.20477465e+002	5.88755662e-001	
3.20689561e+002	5.90094033e-001	
3.20901658e+002	5.91582184e-001	
3.21113754e+002	5.90480668e-001	
3.21325850e+002	5.89112121e-001	
3.21537946e+002	5.87893831e-001	
3.21750043e+002	5.86826733e-001	
3.21962139e+002	5.85911653e-001	
3.22174235e+002	5.85149304e-001	
3.22386332e+002	5.84540285e-001	
3.22598428e+002	5.84085074e-001	
3.22810524e+002	5.83784032e-001	
3.23022620e+002	5.83637397e-001	
3.23234717e+002	5.83645285e-001	
3.23446813e+002	5.83807690e-001	
3.23658909e+002	5.84124484e-001	
3.23871005e+002	5.84595415e-001	
3.24083102e+002	5.84776054e-001	
3.24295198e+002	5.84972659e-001	
3.24507294e+002	5.85190544e-001	
3.24719390e+002	5.85429685e-001	
3.24931487e+002	5.85690056e-001	
3.25143583e+002	5.85971629e-001	
3.25355679e+002	5.86274373e-001	
3.25567776e+002	5.86598256e-001	
3.25779872e+002	5.86943243e-001	
3.25991968e+002	5.87309296e-001	
3.26204064e+002	5.87696376e-001	
3.26416161e+002	5.88104441e-001	
3.26628257e+002	5.88533448e-001	
3.26840353e+002	5.88888554e-001	
3.27052449e+002	5.88449138e-001	
3.27264546e+002	5.88030389e-001	
3.27476642e+002	5.87632351e-001	
3.27688738e+002	5.87255067e-001	
3.27900835e+002	5.86898576e-001	
3.28112931e+002	5.86562916e-001	
3.28325027e+002	5.86248123e-001	
3.28537123e+002	5.85954231e-001	
3.28749220e+002	5.85681271e-001	
3.28961316e+002	5.85429272e-001	
3.29173412e+002	5.85198262e-001	
3.29385508e+002	5.84988265e-001	
3.29597605e+002	5.84799304e-001	
3.29809701e+002	5.84550248e-001	
3.30021797e+002	5.84120111e-001	
3.30233894e+002	5.83845272e-001	
3.30445990e+002	5.83725951e-001	
3.30658086e+002	5.83762244e-001	
3.30870182e+002	5.83954120e-001	
3.31082279e+002	5.84301427e-001	
3.31294375e+002	5.84803889e-001	
3.31506471e+002	5.85461104e-001	
3.31718567e+002	5.86272554e-001	
3.31930664e+002	5.87237598e-001	
3.32142760e+002	5.88355481e-001	
3.32354856e+002	5.89625333e-001	
3.32566953e+002	5.91046176e-001	
3.32779049e+002	5.91545129e-001	
3.32991145e+002	5.90114505e-001	
3.33203241e+002	5.88832663e-001	
3.33415338e+002	5.87700578e-001	
3.33627434e+002	5.86719116e-001	
3.33839530e+002	5.85889034e-001	
3.34051626e+002	5.85210976e-001	
3.34263723e+002	5.84685472e-001	
3.34475819e+002	5.84312933e-001	
3.34687915e+002	5.84093651e-001	
3.34900011e+002	5.84027799e-001	
3.35112108e+002	5.84115429e-001	
3.35324204e+002	5.84356473e-001	
3.35536300e+002	5.84750739e-001	
3.35748397e+002	5.85117055e-001	
3.35960493e+002	5.85326887e-001	
3.36172589e+002	5.85558511e-001	
3.36384685e+002	5.85811901e-001	
3.36596782e+002	5.86087028e-001	
3.36808878e+002	5.86383862e-001	
3.37020974e+002	5.86702371e-001	
3.37233070e+002	5.87042518e-001	
3.37445167e+002	5.87404266e-001	
3.37657263e+002	5.87787576e-001	
3.37869359e+002	5.88192405e-001	
3.38081456e+002	5.88618708e-001	
3.38293552e+002	5.89066440e-001	
3.38505648e+002	5.89535551e-001	
3.38717744e+002	5.89535662e-001	
3.38929841e+002	5.89222196e-001	
3.39141937e+002	5.88962433e-001	
3.39354033e+002	5.88756442e-001	
3.39566129e+002	5.88604281e-001	
3.39778226e+002	5.88505991e-001	
3.39990322e+002	5.88461600e-001	
3.40202418e+002	5.88471118e-001	
3.40414515e+002	5.88534545e-001	
3.40626611e+002	5.88651861e-001	
3.40838707e+002	5.88823036e-001	
3.41050803e+002	5.89048022e-001	
3.41262900e+002	5.89326757e-001	
3.41474996e+002	5.89659166e-001	
3.41687092e+002	5.89532619e-001	
3.41899188e+002	5.89235396e-001	
3.42111285e+002	5.88993321e-001	
3.42323381e+002	5.88806464e-001	
3.42535477e+002	5.88674875e-001	
3.42747574e+002	5.88598593e-001	
3.42959670e+002	5.88577640e-001	
3.43171766e+002	5.88612019e-001	
3.43383862e+002	5.88701724e-001	
3.43595959e+002	5.88846727e-001	
3.43808055e+002	5.89046988e-001	
3.44020151e+002	5.89302450e-001	
3.44232247e+002	5.89613043e-001	
3.44444344e+002	5.89978678e-001	
3.44656440e+002	5.89676433e-001	
3.44868536e+002	5.89231292e-001	
3.45080632e+002	5.88806899e-001	
3.45292729e+002	5.88403298e-001	
3.45504825e+002	5.88020534e-001	
3.45716921e+002	5.87658646e-001	
3.45929018e+002	5.87317673e-001	
3.46141114e+002	5.86997651e-001	
3.46353210e+002	5.86698616e-001	
3.46565306e+002	5.86420598e-001	
3.46777403e+002	5.86163629e-001	
3.46989499e+002	5.85927734e-001	
3.47201595e+002	5.85712941e-001	
3.47413691e+002	5.85519272e-001	
3.47625788e+002	5.85073729e-001	
3.47837884e+002	5.84758920e-001	
3.48049980e+002	5.84600137e-001	
3.48262077e+002	5.84597510e-001	
3.48474173e+002	5.84751038e-001	
3.48686269e+002	5.85060601e-001	
3.48898365e+002	5.85525949e-001	
3.49110462e+002	5.86146712e-001	
3.49322558e+002	5.86922397e-001	
3.49534654e+002	5.87852390e-001	
3.49746750e+002	5.88935961e-001	
3.49958847e+002	5.90172264e-001	
3.50170943e+002	5.91560340e-001	
3.50383039e+002	5.92946813e-001	
3.50595136e+002	5.91500329e-001	
3.50807232e+002	5.90200777e-001	
3.51019328e+002	5.89049129e-001	
3.51231424e+002	5.88046255e-001	
3.51443521e+002	5.87192917e-001	
3.51655617e+002	5.86489768e-001	
3.51867713e+002	5.85937348e-001	
3.52079809e+002	5.85536083e-001	
3.52291906e+002	5.85286286e-001	
3.52504002e+002	5.85188149e-001	
3.52716098e+002	5.85241749e-001	
3.52928194e+002	5.85447045e-001	
3.53140291e+002	5.85803877e-001	
3.53352387e+002	5.86246959e-001	
3.53564483e+002	5.86440799e-001	
3.53776580e+002	5.86656683e-001	
3.53988676e+002	5.86894586e-001	
3.54200772e+002	5.87154482e-001	
3.54412868e+002	5.87436342e-001	
3.54624965e+002	5.87740134e-001	
3.54837061e+002	5.88065824e-001	
3.55049157e+002	5.88413376e-001	
3.55261253e+002	5.88782751e-001	
3.55473350e+002	5.89173907e-001	
3.55685446e+002	5.89586802e-001	
3.55897542e+002	5.90021390e-001	
3.56109639e+002	5.90477623e-001	
3.56321735e+002	5.90718362e-001	
3.56533831e+002	5.90405257e-001	
3.56745927e+002	5.90145216e-001	
3.56958024e+002	5.89938311e-001	
3.57170120e+002	5.89784596e-001	
3.57382216e+002	5.89684115e-001	
3.57594312e+002	5.89636893e-001	
3.57806409e+002	5.89642944e-001	
3.58018505e+002	5.89702266e-001	
3.58230601e+002	5.89814843e-001	
3.58442698e+002	5.89980644e-001	
3.58654794e+002	5.90199626e-001	
3.58866890e+002	5.90471727e-001	
3.59078986e+002	5.90796876e-001	
3.59291083e+002	5.90872136e-001	
3.59503179e+002	5.90552998e-001	
3.59715275e+002	5.90289327e-001	
3.59927371e+002	5.90081198e-001	
3.60139468e+002	5.89928669e-001	
3.60351564e+002	5.89831784e-001	
3.60563660e+002	5.89790570e-001	
3.60775757e+002	5.89805038e-001	
3.60987853e+002	5.89875185e-001	
3.61199949e+002	5.90000991e-001	
3.61412045e+002	5.90182420e-001	
3.61624142e+002	5.90419420e-001	
3.61836238e+002	5.90711926e-001	
3.62048334e+002	5.91059854e-001	
3.62260430e+002	5.91008617e-001	
3.62472527e+002	5.90568059e-001	
3.62684623e+002	5.90148011e-001	
3.62896719e+002	5.89748517e-001	
3.63108815e+002	5.89369619e-001	
3.63320912e+002	5.89011356e-001	
3.63533008e+002	5.88673766e-001	
3.63745104e+002	5.88356884e-001	
3.63957201e+002	5.88060745e-001	
3.64169297e+002	5.87785380e-001	
3.64381393e+002	5.87530817e-001	
3.64593489e+002	5.87297084e-001	
3.64805586e+002	5.87084205e-001	
3.65017682e+002	5.86892204e-001	
3.65229778e+002	5.86514061e-001	
3.65441874e+002	5.86150152e-001	
3.65653971e+002	5.85942059e-001	
3.65866067e+002	5.85889949e-001	
3.66078163e+002	5.85993862e-001	
3.66290260e+002	5.86253717e-001	
3.66502356e+002	5.86669306e-001	
3.66714452e+002	5.87240298e-001	
3.66926548e+002	5.87966240e-001	
3.67138645e+002	5.88846560e-001	
3.67350741e+002	5.89880566e-001	
3.67562837e+002	5.91067451e-001	
3.67774933e+002	5.92406298e-001	
3.67987030e+002	5.93896077e-001	
3.68199126e+002	5.93391804e-001	
3.68411222e+002	5.92284495e-001	
3.68623319e+002	5.91254085e-001	
3.68835415e+002	5.90300977e-001	
3.69047511e+002	5.89425547e-001	
3.69259607e+002	5.88628140e-001	
3.69471704e+002	5.87909075e-001	
3.69683800e+002	5.87268638e-001	
3.69895896e+002	5.86707089e-001	
3.70107992e+002	5.86224652e-001	
3.70320089e+002	5.85821524e-001	
3.70532185e+002	5.85497869e-001	
3.70744281e+002	5.85253818e-001	
3.70956378e+002	5.85089471e-001	
3.71168474e+002	5.85200532e-001	
3.71380570e+002	5.85422888e-001	
3.71592666e+002	5.85728738e-001	
3.71804763e+002	5.86117950e-001	
3.72016859e+002	5.86590359e-001	
3.72228955e+002	5.87145763e-001	
3.72441051e+002	5.87783928e-001	
3.72653148e+002	5.88504584e-001	
3.72865244e+002	5.89307429e-001	
3.73077340e+002	5.90192127e-001	
3.73289436e+002	5.91158310e-001	
3.73501533e+002	5.92205581e-001	
3.73713629e+002	5.93333508e-001	
3.73925725e+002	5.94541635e-001	
3.74137822e+002	5.93114933e-001	
3.74349918e+002	5.91814244e-001	
3.74562014e+002	5.90659735e-001	
3.74774110e+002	5.89652267e-001	
3.74986207e+002	5.88792592e-001	
3.75198303e+002	5.88081361e-001	
3.75410399e+002	5.87519110e-001	
3.75622495e+002	5.87106270e-001	
3.75834592e+002	5.86843154e-001	
3.76046688e+002	5.86729965e-001	
3.76258784e+002	5.86766790e-001	
3.76470881e+002	5.86953599e-001	
3.76682977e+002	5.87290249e-001	
3.76895073e+002	5.87729225e-001	
3.77107169e+002	5.87868642e-001	
3.77319266e+002	5.88029887e-001	
3.77531362e+002	5.88212941e-001	
3.77743458e+002	5.88417784e-001	
3.77955554e+002	5.88644393e-001	
3.78167651e+002	5.88892744e-001	
3.78379747e+002	5.89162808e-001	
3.78591843e+002	5.89454556e-001	
3.78803940e+002	5.89767955e-001	
3.79016036e+002	5.90102972e-001	
3.79228132e+002	5.90459569e-001	
3.79440228e+002	5.90837708e-001	
3.79652325e+002	5.91237346e-001	
3.79864421e+002	5.91459385e-001	
3.80076517e+002	5.91032602e-001	
3.80288613e+002	5.90626136e-001	
3.80500710e+002	5.90240029e-001	
3.80712806e+002	5.89874321e-001	
3.80924902e+002	5.89529050e-001	
3.81136999e+002	5.89204252e-001	
3.81349095e+002	5.88899960e-001	
3.81561191e+002	5.88616206e-001	
3.81773287e+002	5.88353021e-001	
3.81985384e+002	5.88110431e-001	
3.82197480e+002	5.87888463e-001	
3.82409576e+002	5.87687139e-001	
3.82621672e+002	5.87506481e-001	
3.82833769e+002	5.87208039e-001	
3.83045865e+002	5.86760131e-001	
3.83257961e+002	5.86467026e-001	
3.83470057e+002	5.86328958e-001	
3.83682154e+002	5.86346034e-001	
3.83894250e+002	5.86518243e-001	
3.84106346e+002	5.86845446e-001	
3.84318443e+002	5.87327386e-001	
3.84530539e+002	5.87963682e-001	
3.84742635e+002	5.88753833e-001	
3.84954731e+002	5.89697221e-001	
3.85166828e+002	5.90793111e-001	
3.85378924e+002	5.92040657e-001	
3.85591020e+002	5.93438903e-001	
3.85803116e+002	5.93525921e-001	
3.86015213e+002	5.92081655e-001	
3.86227309e+002	5.90785356e-001	
3.86439405e+002	5.89638001e-001	
3.86651502e+002	5.88640459e-001	
3.86863598e+002	5.87793493e-001	
3.87075694e+002	5.87097757e-001	
3.87287790e+002	5.86553786e-001	
3.87499887e+002	5.86162005e-001	
3.87711983e+002	5.85922718e-001	
3.87924079e+002	5.85836112e-001	
3.88136175e+002	5.85902255e-001	
3.88348272e+002	5.86121095e-001	
3.88560368e+002	5.86492462e-001	
3.88772464e+002	5.86761208e-001	
3.88984561e+002	5.86896468e-001	
3.89196657e+002	5.87053031e-001	
3.89408753e+002	5.87230880e-001	
3.89620849e+002	5.87429995e-001	
3.89832946e+002	5.87650355e-001	
3.90045042e+002	5.87891936e-001	
3.90257138e+002	5.88154712e-001	
3.90469234e+002	5.88438654e-001	
3.90681331e+002	5.88743732e-001	
3.90893427e+002	5.89069913e-001	
3.91105523e+002	5.89417162e-001	
3.91317619e+002	5.89785441e-001	
3.91529716e+002	5.90174712e-001	
3.91741812e+002	5.89959356e-001	
3.91953908e+002	5.89498695e-001	
3.92166005e+002	5.89059127e-001	
3.92378101e+002	5.88640700e-001	
3.92590197e+002	5.88243457e-001	
3.92802293e+002	5.87867444e-001	
3.93014390e+002	5.87512699e-001	
3.93226486e+002	5.87179262e-001	
3.93438582e+002	5.86867169e-001	
3.93650678e+002	5.86576454e-001	
3.93862775e+002	5.86307148e-001	
3.94074871e+002	5.86059282e-001	
3.94286967e+002	5.85832883e-001	
3.94499064e+002	5.85627975e-001	
3.94711160e+002	5.85138912e-001	
3.94923256e+002	5.84721609e-001	
3.95135352e+002	5.84455386e-001	
3.95347449e+002	5.84340450e-001	
3.95559545e+002	5.84376889e-001	
3.95771641e+002	5.84564675e-001	
3.95983737e+002	5.84903663e-001	
3.96195834e+002	5.85393589e-001	
3.96407930e+002	5.86034076e-001	
3.96620026e+002	5.86824630e-001	
3.96832123e+002	5.87764646e-001	
3.97044219e+002	5.88853407e-001	
3.97256315e+002	5.90090091e-001	
3.97468411e+002	5.91473770e-001	
3.97680508e+002	5.90329019e-001	
3.97892604e+002	5.89089649e-001	
3.98104700e+002	5.87932461e-001	
3.98316796e+002	5.86857943e-001	
3.98528893e+002	5.85866548e-001	
3.98740989e+002	5.84958700e-001	
3.98953085e+002	5.84134788e-001	
3.99165182e+002	5.83395167e-001	
3.99377278e+002	5.82740159e-001	
3.99589374e+002	5.82170049e-001	
3.99801470e+002	5.81685087e-001	
4.00013567e+002	5.81285486e-001	
4.00225663e+002	5.80971422e-001	
4.00437759e+002	5.80757350e-001	
4.00649855e+002	5.80868722e-001	
4.00861952e+002	5.81058805e-001	
4.01074048e+002	5.81327522e-001	
4.01286144e+002	5.81674765e-001	
4.01498240e+002	5.82100393e-001	
4.01710337e+002	5.82604233e-001	
4.01922433e+002	5.83186084e-001	
4.02134529e+002	5.83845711e-001	
4.02346626e+002	5.84582853e-001	
4.02558722e+002	5.85397215e-001	
4.02770818e+002	5.86288476e-001	
4.02982914e+002	5.87256287e-001	
4.03195011e+002	5.88300269e-001	
4.03407107e+002	5.88976752e-001	
4.03619203e+002	5.87623198e-001	
4.03831299e+002	5.86353082e-001	
4.04043396e+002	5.85166947e-001	
4.04255492e+002	5.84065304e-001	
4.04467588e+002	5.83048632e-001	
4.04679685e+002	5.82117376e-001	
4.04891781e+002	5.81271947e-001	
4.05103877e+002	5.80512721e-001	
4.05315973e+002	5.79840035e-001	
4.05528070e+002	5.79254191e-001	
4.05740166e+002	5.78755452e-001	
4.05952262e+002	5.78344045e-001	
4.06164358e+002	5.78020155e-001	
4.06376455e+002	5.77870921e-001	
4.06588551e+002	5.78014635e-001	
4.06800647e+002	5.78236671e-001	
4.07012744e+002	5.78536938e-001	
4.07224840e+002	5.78915314e-001	
4.07436936e+002	5.79371647e-001	
4.07649032e+002	5.79905752e-001	
4.07861129e+002	5.80517415e-001	
4.08073225e+002	5.81206391e-001	
4.08285321e+002	5.81972406e-001	
4.08497417e+002	5.82815155e-001	
4.08709514e+002	5.83734306e-001	
4.08921610e+002	5.84729499e-001	
4.09133706e+002	5.85800346e-001	
4.09345803e+002	5.85881233e-001	
4.09557899e+002	5.84509072e-001	
4.09769995e+002	5.83221701e-001	
4.09982091e+002	5.82019683e-001	
4.10194188e+002	5.80903547e-001	
4.10406284e+002	5.79873790e-001	
4.10618380e+002	5.78930872e-001	
4.10830476e+002	5.78075219e-001	
4.11042573e+002	5.77307218e-001	
4.11254669e+002	5.76627219e-001	
4.11466765e+002	5.76035534e-001	
4.11678861e+002	5.75532437e-001	
4.11890958e+002	5.75118158e-001	
4.12103054e+002	5.74792890e-001	
4.12315150e+002	5.74734844e-001	
4.12527247e+002	5.74917290e-001	
4.12739343e+002	5.75178359e-001	
4.12951439e+002	5.75517943e-001	
4.13163535e+002	5.75935904e-001	
4.13375632e+002	5.76432072e-001	
4.13587728e+002	5.77006244e-001	
4.13799824e+002	5.77658187e-001	
4.14011920e+002	5.78387640e-001	
4.14224017e+002	5.79194309e-001	
4.14436113e+002	5.80077872e-001	
4.14648209e+002	5.81037978e-001	
4.14860306e+002	5.82074248e-001	
4.15072402e+002	5.83186276e-001	
4.15284498e+002	5.82660544e-001	
4.15496594e+002	5.81278717e-001	
4.15708691e+002	5.79982538e-001	
4.15920787e+002	5.78772583e-001	
4.16132883e+002	5.77649393e-001	
4.16344979e+002	5.76613476e-001	
4.16557076e+002	5.75665302e-001	
4.16769172e+002	5.74805305e-001	
4.16981268e+002	5.74033883e-001	
4.17193365e+002	5.73351393e-001	
4.17405461e+002	5.72758151e-001	
4.17617557e+002	5.72254437e-001	
4.17829653e+002	5.71840487e-001	
4.18041750e+002	5.71516495e-001	
4.18253846e+002	5.71571655e-001	
4.18465942e+002	5.71797131e-001	
4.18678038e+002	5.72102265e-001	
4.18890135e+002	5.72486929e-001	
4.19102231e+002	5.72950964e-001	
4.19314327e+002	5.73494178e-001	
4.19526424e+002	5.74116344e-001	
4.19738520e+002	5.74817207e-001	
4.19950616e+002	5.75596479e-001	
4.20162712e+002	5.76453843e-001	
4.20374809e+002	5.77388950e-001	
4.20586905e+002	5.78401423e-001	
4.20799001e+002	5.79490857e-001	
4.21011097e+002	5.80656819e-001	
4.21223194e+002	5.79181747e-001	
4.21435290e+002	5.77499604e-001	
4.21647386e+002	5.75980524e-001	
4.21859482e+002	5.74625802e-001	
4.22071579e+002	5.73436600e-001	
4.22283675e+002	5.72413952e-001	
4.22495771e+002	5.71558750e-001	
4.22707868e+002	5.70871749e-001	
4.22919964e+002	5.70353555e-001	
4.23132060e+002	5.70004628e-001	
4.23344156e+002	5.69825281e-001	
4.23556253e+002	5.69815672e-001	
4.23768349e+002	5.69975811e-001	
4.23980445e+002	5.70305554e-001	
